0 0.648454 0.943601 0.030928 0.017354
0 0.556701 0.862256 0.024742 0.015184
0 0.511340 0.845987 0.028866 0.026030
0 0.511340 0.821041 0.028866 0.019523
0 0.549485 0.814534 0.018557 0.019523
0 0.576289 0.791757 0.022680 0.013015
0 0.359794 0.790672 0.018557 0.015184
0 0.390722 0.786334 0.022680 0.041215
0 0.631959 0.748373 0.018557 0.021692
0 0.388660 0.747289 0.035052 0.028200
0 0.451546 0.715835 0.020619 0.013015
0 0.508247 0.708243 0.018557 0.015184
0 0.346392 0.700651 0.020619 0.013015
0 0.439175 0.696312 0.020619 0.017354
0 0.330928 0.672451 0.022680 0.021692
0 0.704124 0.659436 0.022680 0.017354
0 0.231959 0.663774 0.030928 0.026030
0 0.437113 0.664859 0.037113 0.032538
0 0.085567 0.642082 0.010309 0.013015
0 0.378351 0.680043 0.051546 0.106291
0 0.278351 0.645336 0.045361 0.041215
0 0.122680 0.631236 0.039175 0.026030
0 0.647423 0.614967 0.012371 0.015184
0 0.282474 0.606291 0.020619 0.015184
0 0.381443 0.603037 0.024742 0.017354
0 0.272165 0.584599 0.020619 0.015184
0 0.093814 0.597614 0.035052 0.041215
0 0.250515 0.545553 0.039175 0.036876
0 0.441237 0.514100 0.041237 0.030369
0 0.749485 0.497831 0.014433 0.015184
0 0.625773 0.445770 0.022680 0.015184
0 0.372165 0.428416 0.014433 0.015184
0 0.337113 0.408894 0.043299 0.036876
0 0.356701 0.365510 0.032990 0.028200
0 0.661856 0.281996 0.024742 0.030369
0 0.690722 0.278742 0.028866 0.062907
0 0.714433 0.237527 0.026804 0.015184
0 0.617526 0.253796 0.043299 0.052061
0 0.736082 0.231020 0.016495 0.015184
0 0.691753 0.226681 0.030928 0.015184
0 0.650515 0.224512 0.030928 0.023861
0 0.709278 0.197397 0.053608 0.052061