0 0.240586 0.901075 0.020921 0.021505
0 0.033473 0.894624 0.016736 0.017204
0 0.366109 0.867742 0.020921 0.019355
0 0.347280 0.815054 0.020921 0.021505
0 0.525105 0.804301 0.020921 0.021505
0 0.376569 0.693548 0.025105 0.023656
0 0.353556 0.636559 0.016736 0.017204
0 0.063808 0.633333 0.023013 0.023656
0 0.939331 0.569892 0.016736 0.012903
0 0.970711 0.546237 0.020921 0.017204
0 0.892259 0.544086 0.035565 0.021505
0 0.944561 0.534409 0.018828 0.015054
0 0.777197 0.529032 0.018828 0.017204
0 0.277197 0.527957 0.027197 0.036559
0 0.405858 0.502151 0.016736 0.019355
0 0.384937 0.401075 0.020921 0.023656
0 0.244770 0.297849 0.012552 0.015054
0 0.563808 0.201075 0.014644 0.015054
0 0.672594 0.170968 0.018828 0.015054
0 0.632845 0.172043 0.018828 0.017204
0 0.511506 0.168817 0.014644 0.010753
0 0.426778 0.010753 0.016736 0.017204