0 0.331933 0.824561 0.064426 0.076023
0 0.345938 0.757310 0.070028 0.052632
0 0.624650 0.739766 0.039216 0.040936
0 0.519608 0.717836 0.025210 0.026316
0 0.598039 0.707602 0.025210 0.023392
0 0.733894 0.711988 0.028011 0.038012
0 0.845938 0.713450 0.039216 0.046784
0 0.439776 0.733918 0.061625 0.093567
0 0.306723 0.711988 0.047619 0.055556
0 0.390756 0.687135 0.053221 0.058480
0 0.560224 0.685673 0.039216 0.067251
0 0.500000 0.685673 0.064426 0.078947
0 0.390756 0.622807 0.025210 0.023392
0 0.445378 0.633041 0.078431 0.067251
0 0.523810 0.615497 0.050420 0.049708
0 0.735294 0.635965 0.120448 0.114035
0 0.628852 0.640351 0.114846 0.140351
0 0.514006 0.565789 0.047619 0.038012
0 0.446779 0.558480 0.030812 0.029240
0 0.585434 0.538012 0.033613 0.040936
0 0.495798 0.475146 0.033613 0.032164
0 0.817927 0.551170 0.078431 0.190058
0 0.595238 0.460526 0.025210 0.032164
0 0.882353 0.469298 0.084034 0.090643
0 0.467787 0.435673 0.022409 0.023392
0 0.624650 0.432749 0.033613 0.046784
0 0.871148 0.421053 0.033613 0.046784
0 0.516807 0.400585 0.025210 0.023392
0 0.694678 0.396199 0.028011 0.026316
0 0.791317 0.407895 0.092437 0.078947
0 0.607843 0.374269 0.028011 0.029240
0 0.554622 0.346491 0.022409 0.026316
0 0.757703 0.333333 0.030812 0.035088
0 0.663866 0.307018 0.028011 0.023392
0 0.840336 0.191520 0.028011 0.032164
0 0.913165 0.195906 0.056022 0.052632
0 0.148459 0.162281 0.044818 0.038012
0 0.099440 0.133041 0.019608 0.020468
0 0.815126 0.124269 0.044818 0.055556