0 0.467949 0.913043 0.028205 0.038043
0 0.588462 0.831522 0.028205 0.032609
0 0.239744 0.739130 0.028205 0.032609
0 0.216667 0.698370 0.033333 0.043478
0 0.278205 0.370924 0.028205 0.035326
0 0.814103 0.375000 0.043590 0.054348
0 0.348718 0.361413 0.066667 0.054348
0 0.285897 0.330163 0.028205 0.024457
0 0.839744 0.312500 0.053846 0.070652
0 0.870513 0.255435 0.028205 0.021739
0 0.844872 0.233696 0.033333 0.032609
0 0.884615 0.206522 0.020513 0.021739
0 0.850000 0.183424 0.038462 0.040761
0 0.571795 0.130435 0.041026 0.038043
0 0.310256 0.100543 0.041026 0.038043
0 0.139744 0.084239 0.033333 0.043478
0 0.028205 0.057065 0.035897 0.038043
0 0.098718 0.046196 0.028205 0.027174
0 0.551282 0.024457 0.030769 0.027174