0 0.818637 0.905882 0.014028 0.011765
0 0.271543 0.873529 0.026052 0.021569
0 0.265531 0.776471 0.030060 0.031373
0 0.300601 0.750980 0.036072 0.035294
0 0.639279 0.734314 0.020040 0.017647
0 0.144289 0.632353 0.044088 0.033333
0 0.166333 0.571569 0.048096 0.021569
0 0.062124 0.488235 0.060120 0.043137
0 0.230461 0.427451 0.020040 0.023529
0 0.067134 0.440196 0.046092 0.049020
0 0.250501 0.395098 0.040080 0.033333
0 0.848697 0.357843 0.034068 0.037255
0 0.933868 0.201961 0.044088 0.019608
0 0.458918 0.059804 0.036072 0.033333