0 0.696185 0.981268 0.019074 0.025937
0 0.648501 0.971182 0.027248 0.040346
0 0.573569 0.955331 0.019074 0.014409
0 0.306540 0.942363 0.019074 0.017291
0 0.712534 0.916427 0.062670 0.069164
0 0.305177 0.878963 0.021798 0.040346
0 0.668937 0.842939 0.046322 0.031700
0 0.396458 0.795389 0.024523 0.034582
0 0.414169 0.766571 0.021798 0.034582
0 0.042234 0.734870 0.024523 0.023055
0 0.326975 0.726225 0.032698 0.034582
0 0.731608 0.716138 0.029973 0.031700
0 0.412807 0.710375 0.029973 0.043228
0 0.476839 0.665706 0.049046 0.046110
0 0.745232 0.612392 0.024523 0.037464
0 0.207084 0.605187 0.038147 0.051873
0 0.686649 0.589337 0.021798 0.025937
0 0.722071 0.582133 0.027248 0.034582
0 0.704360 0.554755 0.019074 0.020173
0 0.660763 0.536023 0.035422 0.040346
0 0.457766 0.531700 0.016349 0.031700
0 0.437330 0.507205 0.024523 0.023055
0 0.732970 0.504323 0.070845 0.074928
0 0.388283 0.449568 0.062670 0.057637
0 0.758856 0.425072 0.029973 0.020173
0 0.806540 0.422190 0.027248 0.037464
0 0.117166 0.417867 0.032698 0.034582
0 0.892371 0.376081 0.035422 0.020173
0 0.437330 0.377522 0.019074 0.023055
0 0.841962 0.331412 0.043597 0.046110
0 0.779292 0.257925 0.043597 0.054755
0 0.904632 0.231988 0.016349 0.025937
0 0.250681 0.207493 0.043597 0.034582
0 0.566757 0.213256 0.043597 0.057637
0 0.438692 0.148415 0.032698 0.025937
0 0.104905 0.149856 0.024523 0.028818
0 0.664850 0.113833 0.043597 0.066282
0 0.633515 0.066282 0.040872 0.023055
0 0.741144 0.050432 0.043597 0.031700
0 0.955041 0.028818 0.040872 0.040346