0 0.907229 0.958543 0.012048 0.017588
0 0.644578 0.947236 0.026506 0.025126
0 0.912048 0.910804 0.055422 0.047739
0 0.962651 0.864322 0.016867 0.020101
0 0.759036 0.846734 0.038554 0.020101
0 0.672289 0.840452 0.043373 0.047739
0 0.938554 0.805276 0.016867 0.022613
0 0.530120 0.795226 0.024096 0.032663
0 0.828916 0.782663 0.024096 0.017588
0 0.863855 0.748744 0.021687 0.025126
0 0.744578 0.724874 0.019277 0.017588
0 0.812048 0.707286 0.024096 0.037688
0 0.689157 0.679648 0.024096 0.022613
0 0.684337 0.653266 0.028916 0.020101
0 0.718072 0.646985 0.019277 0.022613
0 0.813253 0.645729 0.026506 0.030151
0 0.820482 0.619347 0.050602 0.027638
0 0.074699 0.626884 0.062651 0.052764
0 0.720482 0.600503 0.019277 0.020101
0 0.144578 0.483668 0.038554 0.037688
0 0.045783 0.378141 0.038554 0.032663
0 0.260241 0.349246 0.028916 0.030151