0 0.739606 0.949782 0.013129 0.013100
0 0.703501 0.956332 0.019694 0.026201
0 0.620350 0.927948 0.019694 0.021834
0 0.331510 0.924672 0.015317 0.015284
0 0.474836 0.918122 0.021882 0.015284
0 0.284464 0.912664 0.017505 0.021834
0 0.630197 0.908297 0.017505 0.017467
0 0.230853 0.906114 0.015317 0.013100
0 0.259300 0.900655 0.015317 0.015284
0 0.338074 0.889738 0.015317 0.015284
0 0.306346 0.863537 0.021882 0.015284
0 0.617068 0.861354 0.017505 0.015284
0 0.648796 0.861354 0.015317 0.019651
0 0.385120 0.853712 0.017505 0.017467
0 0.670678 0.840611 0.015317 0.030568
0 0.421225 0.824236 0.015317 0.015284
0 0.404814 0.805677 0.013129 0.013100
0 0.493435 0.802402 0.010941 0.010917
0 0.490153 0.766376 0.013129 0.017467
0 0.531729 0.762009 0.026258 0.021834
0 0.873085 0.743450 0.026258 0.015284
0 0.577681 0.743450 0.013129 0.015284
0 0.384026 0.745633 0.028446 0.019651
0 0.440919 0.723799 0.019694 0.015284
0 0.562363 0.723799 0.021882 0.024017
0 0.494530 0.684498 0.013129 0.010917
0 0.393873 0.679039 0.017505 0.017467
0 0.517505 0.667031 0.010941 0.010917
0 0.283370 0.651747 0.015317 0.015284
0 0.261488 0.649563 0.019694 0.010917
0 0.338074 0.646288 0.015317 0.013100
0 0.115974 0.638646 0.017505 0.015284
0 0.533917 0.636463 0.017505 0.015284
0 0.879650 0.634279 0.013129 0.015284
0 0.320569 0.634279 0.015317 0.015284
0 0.793217 0.620087 0.015317 0.013100
0 0.396061 0.621179 0.030635 0.019651
0 0.329322 0.592795 0.015317 0.015284
0 0.769147 0.585153 0.019694 0.017467
0 0.130197 0.574236 0.015317 0.013100
0 0.658643 0.574236 0.017505 0.017467
0 0.747265 0.570961 0.019694 0.019651
0 0.772429 0.543668 0.039387 0.026201
0 0.475930 0.532751 0.015317 0.013100
0 0.435449 0.538210 0.026258 0.024017
0 0.614880 0.498908 0.021882 0.028384
0 0.921225 0.493450 0.026258 0.021834
0 0.100656 0.490175 0.017505 0.015284
0 0.107221 0.465066 0.017505 0.013100
0 0.805252 0.456332 0.021882 0.017467
0 0.892779 0.449782 0.017505 0.013100
0 0.838074 0.434498 0.021882 0.017467
0 0.842451 0.410480 0.021882 0.021834
0 0.248359 0.415939 0.028446 0.032751
0 0.959519 0.403930 0.015317 0.017467
0 0.535011 0.351528 0.019694 0.021834
0 0.933260 0.302402 0.010941 0.010917
0 0.945295 0.278384 0.030635 0.015284
0 0.963895 0.248908 0.032823 0.026201
0 0.501094 0.244541 0.017505 0.017467
0 0.870897 0.216157 0.017505 0.017467
0 0.318381 0.195415 0.028446 0.024017
0 0.937637 0.194323 0.024070 0.030568
0 0.970460 0.160480 0.015317 0.019651
0 0.807440 0.160480 0.021882 0.019651
0 0.286652 0.146288 0.013129 0.017467
0 0.408096 0.120087 0.015317 0.013100
0 0.125821 0.082969 0.019694 0.026201