0 0.433862 0.906579 0.052910 0.039474
0 0.447090 0.859211 0.026455 0.034211
0 0.272487 0.664474 0.058201 0.060526
0 0.273810 0.557895 0.039683 0.042105
0 0.305556 0.538158 0.018519 0.039474
0 0.329365 0.393421 0.023810 0.034211
0 0.284392 0.351316 0.007937 0.013158
0 0.220899 0.346053 0.023810 0.028947
0 0.294974 0.330263 0.013228 0.018421
0 0.248677 0.353947 0.052910 0.071053
0 0.419312 0.321053 0.018519 0.021053
0 0.353175 0.317105 0.029101 0.023684
0 0.384921 0.278947 0.023810 0.015789
0 0.357143 0.273684 0.015873 0.015789
0 0.408730 0.273684 0.018519 0.026316
0 0.429894 0.260526 0.018519 0.021053
0 0.452381 0.209211 0.042328 0.055263