0 0.078883 0.989418 0.016990 0.021164
0 0.263350 0.955026 0.016990 0.026455
0 0.319175 0.722222 0.021845 0.026455
0 0.247573 0.687831 0.019417 0.026455
0 0.165049 0.671958 0.033981 0.031746
0 0.523058 0.604497 0.016990 0.023810
0 0.283981 0.570106 0.019417 0.013228
0 0.342233 0.543651 0.033981 0.023810
0 0.111650 0.539683 0.019417 0.031746
0 0.376214 0.523810 0.024272 0.021164
0 0.724515 0.515873 0.012136 0.015873
0 0.228155 0.470899 0.019417 0.021164
0 0.192961 0.474868 0.036408 0.034392
0 0.651699 0.458995 0.021845 0.018519
0 0.555825 0.433862 0.014563 0.015873
0 0.594660 0.431217 0.014563 0.015873
0 0.408981 0.439153 0.026699 0.031746
0 0.155340 0.411376 0.024272 0.029101
0 0.610437 0.407407 0.021845 0.037037
0 0.456311 0.402116 0.014563 0.026455
0 0.567961 0.371693 0.024272 0.013228
0 0.365291 0.362434 0.055825 0.052910
0 0.112864 0.335979 0.026699 0.015873
0 0.887136 0.329365 0.026699 0.023810
0 0.940534 0.325397 0.031553 0.037037
0 0.652913 0.306878 0.014563 0.015873
0 0.145631 0.306878 0.029126 0.021164
0 0.605583 0.313492 0.026699 0.050265
0 0.394417 0.310847 0.031553 0.050265
0 0.498786 0.272487 0.016990 0.021164
0 0.900485 0.271164 0.014563 0.023810
0 0.837379 0.267196 0.019417 0.031746
0 0.662621 0.260582 0.024272 0.018519
0 0.182039 0.244709 0.048544 0.044974
0 0.798544 0.215608 0.024272 0.029101
0 0.606796 0.208995 0.043689 0.037037
0 0.123786 0.199735 0.029126 0.034392
0 0.799757 0.178571 0.036408 0.029101
0 0.828883 0.149471 0.012136 0.013228
0 0.759709 0.149471 0.024272 0.018519
0 0.848301 0.149471 0.021845 0.023810
0 0.668689 0.074074 0.021845 0.015873