0 0.753351 0.696658 0.021448 0.020566
0 0.635389 0.699229 0.032172 0.025707
0 0.726542 0.678663 0.026810 0.025707
0 0.528150 0.678663 0.026810 0.035990
0 0.434316 0.679949 0.053619 0.053985
0 0.280161 0.669666 0.045576 0.043702
0 0.218499 0.664524 0.050938 0.033419
0 0.753351 0.663239 0.016086 0.035990
0 0.221180 0.642674 0.013405 0.015424
0 0.689008 0.645244 0.021448 0.025707
0 0.722520 0.646530 0.029491 0.033419
0 0.656836 0.637532 0.016086 0.015424
0 0.718499 0.616967 0.010724 0.015424
0 0.788204 0.624679 0.053619 0.061697
0 0.658177 0.609254 0.104558 0.035990
0 0.348525 0.619537 0.096515 0.087404
0 0.486595 0.625964 0.115282 0.120823
0 0.624665 0.570694 0.016086 0.025707
0 0.647453 0.569409 0.024129 0.038560
0 0.600536 0.565553 0.026810 0.035990
0 0.621984 0.467866 0.037534 0.046272
0 0.525469 0.429306 0.032172 0.046272
0 0.631367 0.413882 0.077748 0.056555
0 0.529491 0.384319 0.013405 0.023136