0 0.275311 0.946360 0.014210 0.019157
0 0.123446 0.892720 0.019538 0.022989
0 0.238011 0.816092 0.028419 0.019157
0 0.308171 0.818008 0.026643 0.030651
0 0.164298 0.729885 0.015986 0.015326
0 0.164298 0.713602 0.012433 0.013410
0 0.933393 0.682950 0.015986 0.017241
0 0.250444 0.650383 0.014210 0.013410
0 0.181172 0.605364 0.017762 0.019157
0 0.285080 0.599617 0.012433 0.011494
0 0.148313 0.596743 0.019538 0.021073
0 0.484902 0.586207 0.031972 0.022989
0 0.930728 0.522989 0.010657 0.019157
0 0.223801 0.509579 0.010657 0.015326
0 0.729130 0.505747 0.019538 0.019157
0 0.642984 0.501916 0.021314 0.019157
0 0.887211 0.493295 0.023091 0.036398
0 0.755773 0.483716 0.015986 0.021073
0 0.690941 0.473180 0.014210 0.015326
0 0.907638 0.476054 0.021314 0.024904
0 0.842806 0.462644 0.037300 0.055556
0 0.729130 0.441571 0.015986 0.021073
0 0.936057 0.431034 0.017762 0.026820
0 0.879218 0.440613 0.028419 0.053640
0 0.703375 0.422414 0.021314 0.028736
0 0.898757 0.409004 0.017762 0.032567
0 0.694494 0.398467 0.017762 0.022989
0 0.132327 0.387931 0.012433 0.013410
0 0.874778 0.373563 0.015986 0.022989
0 0.125222 0.362069 0.012433 0.019157
0 0.038188 0.356322 0.015986 0.019157
0 0.936057 0.332375 0.014210 0.013410
0 0.588810 0.314176 0.012433 0.015326
0 0.744227 0.310345 0.010657 0.011494
0 0.603020 0.310345 0.015986 0.011494
0 0.837478 0.323755 0.037300 0.042146
0 0.544405 0.320881 0.026643 0.040230
0 0.716696 0.301724 0.008881 0.009579
0 0.055950 0.294061 0.033748 0.028736
0 0.748668 0.274904 0.012433 0.013410
0 0.731794 0.274904 0.014210 0.028736
0 0.738011 0.244253 0.012433 0.021073
0 0.533748 0.240421 0.012433 0.024904
0 0.521314 0.118774 0.033748 0.038314