0 0.168750 0.749104 0.026786 0.017921
0 0.205357 0.757168 0.039286 0.044803
0 0.183929 0.724910 0.021429 0.023297
0 0.170536 0.688172 0.023214 0.017921
0 0.121429 0.659498 0.021429 0.014337
0 0.291071 0.629032 0.046429 0.032258
0 0.741964 0.620968 0.016071 0.026882
0 0.145536 0.587814 0.019643 0.017921
0 0.124107 0.586918 0.016071 0.016129
0 0.180357 0.594982 0.046429 0.053763
0 0.165179 0.570789 0.016071 0.012545
0 0.361607 0.559140 0.012500 0.010753
0 0.190179 0.560932 0.016071 0.014337
0 0.134821 0.558244 0.012500 0.012545
0 0.341071 0.554659 0.017857 0.012545
0 0.359821 0.545699 0.016071 0.008961
0 0.161607 0.549283 0.033929 0.019713
0 0.279464 0.542115 0.023214 0.034050
0 0.675893 0.493728 0.033929 0.016129
0 0.661607 0.465950 0.023214 0.010753
0 0.231250 0.473118 0.023214 0.025090
0 0.213393 0.459677 0.012500 0.008961
0 0.172321 0.461470 0.019643 0.016129
0 0.230357 0.448925 0.014286 0.012545
0 0.645536 0.438172 0.023214 0.016129
0 0.646429 0.420251 0.025000 0.016129
0 0.491964 0.402330 0.023214 0.019713
0 0.350000 0.353047 0.014286 0.017921
0 0.927679 0.247312 0.026786 0.021505
0 0.634821 0.226703 0.023214 0.019713
0 0.677679 0.223118 0.023214 0.019713
0 0.830357 0.202509 0.028571 0.017921
0 0.713393 0.187276 0.019643 0.016129
0 0.691964 0.146953 0.023214 0.017921