0 0.631367 0.913235 0.013405 0.014706
0 0.703753 0.860294 0.045576 0.032353
0 0.508043 0.745588 0.029491 0.026471
0 0.873995 0.688235 0.016086 0.017647
0 0.778820 0.545588 0.013405 0.014706
0 0.919571 0.497059 0.016086 0.017647
0 0.898123 0.472059 0.016086 0.014706
0 0.227882 0.457353 0.021448 0.020588
0 0.280161 0.436765 0.050938 0.032353
0 0.211796 0.427941 0.042895 0.026471
0 0.938338 0.420588 0.016086 0.017647
0 0.449062 0.397059 0.013405 0.011765
0 0.266756 0.400000 0.018767 0.023529
0 0.757373 0.394118 0.018767 0.017647
0 0.327078 0.394118 0.026810 0.029412
0 0.918231 0.379412 0.018767 0.017647
0 0.258713 0.376471 0.013405 0.017647
0 0.356568 0.367647 0.021448 0.023529
0 0.789544 0.242647 0.029491 0.032353
0 0.958445 0.220588 0.018767 0.017647
0 0.264075 0.150000 0.018767 0.017647
0 0.470509 0.117647 0.013405 0.011765
0 0.856568 0.085294 0.013405 0.011765