0 0.469914 0.754958 0.045845 0.059490
0 0.574499 0.713881 0.020057 0.022663
0 0.275072 0.685552 0.051576 0.096317
0 0.522923 0.662890 0.163324 0.101983
0 0.396848 0.586402 0.031519 0.033994
0 0.306590 0.596317 0.131805 0.104816
0 0.131805 0.643059 0.189112 0.198300
0 0.570201 0.573654 0.068768 0.087819
0 0.502865 0.502833 0.048711 0.036827
0 0.287966 0.500000 0.042980 0.048159
0 0.442693 0.490085 0.037249 0.033994
0 0.216332 0.504249 0.088825 0.062323
0 0.253582 0.470255 0.020057 0.028329
0 0.020057 0.470255 0.034384 0.045326
0 0.840974 0.450425 0.042980 0.050992
0 0.583095 0.447592 0.048711 0.050992
0 0.127507 0.446176 0.077364 0.053824
0 0.906877 0.456091 0.054441 0.079320
0 0.744986 0.432011 0.028653 0.036827
0 0.524355 0.390935 0.045845 0.033994
0 0.554441 0.328612 0.025788 0.022663
0 0.134670 0.322946 0.028653 0.022663
0 0.431232 0.223796 0.031519 0.045326