0 0.282609 0.546992 0.017013 0.018797
0 0.365784 0.513158 0.032136 0.033835
0 0.319471 0.466165 0.007561 0.007519
0 0.359168 0.467105 0.011342 0.013158
0 0.323251 0.453008 0.015123 0.015038
0 0.241966 0.343985 0.011342 0.011278
0 0.454631 0.337406 0.013233 0.016917
0 0.242911 0.327068 0.013233 0.011278
0 0.412098 0.320489 0.018904 0.020677
0 0.261815 0.310150 0.013233 0.011278
0 0.318526 0.301692 0.013233 0.013158
0 0.431002 0.303571 0.018904 0.020677
0 0.340265 0.296992 0.022684 0.018797
0 0.387524 0.283835 0.015123 0.015038
0 0.331758 0.273496 0.028355 0.016917
0 0.448015 0.269737 0.026465 0.024436
0 0.409263 0.260338 0.035917 0.035714
0 0.344045 0.228383 0.026465 0.016917
0 0.283554 0.229323 0.026465 0.026316
0 0.361059 0.213346 0.011342 0.013158
0 0.407372 0.215226 0.024575 0.028195
0 0.464083 0.210526 0.024575 0.026316
0 0.430057 0.200188 0.017013 0.020677
0 0.386578 0.195489 0.013233 0.011278
0 0.017958 0.203008 0.032136 0.045113
0 0.054820 0.189850 0.045369 0.026316
0 0.308129 0.179511 0.011342 0.013158