0 0.390306 0.875912 0.020408 0.014599
0 0.201531 0.734793 0.030612 0.034063
0 0.159439 0.712895 0.017857 0.019465
0 0.068878 0.718978 0.040816 0.051095
0 0.062500 0.675182 0.017857 0.021898
0 0.093112 0.673966 0.033163 0.048662
0 0.155612 0.639903 0.020408 0.024331
0 0.123724 0.614355 0.022959 0.021898
0 0.088010 0.610706 0.022959 0.019465
0 0.524235 0.593674 0.053571 0.029197
0 0.223214 0.562044 0.038265 0.038929
0 0.169643 0.543796 0.028061 0.026764
0 0.260204 0.521898 0.035714 0.036496
0 0.214286 0.520681 0.025510 0.034063
0 0.279337 0.451338 0.017857 0.021898
0 0.371173 0.384428 0.033163 0.024331
0 0.423469 0.361314 0.020408 0.021898
0 0.358418 0.352798 0.022959 0.019465
0 0.426020 0.319951 0.025510 0.021898
0 0.710459 0.311436 0.038265 0.024331