0 0.743304 0.938776 0.044643 0.027211
0 0.681920 0.862812 0.024554 0.015873
0 0.454241 0.856009 0.064732 0.065760
0 0.390625 0.849206 0.058036 0.056689
0 0.324777 0.831066 0.033482 0.024943
0 0.281250 0.787982 0.058036 0.052154
0 0.225446 0.780045 0.044643 0.063492
0 0.252232 0.755102 0.026786 0.027211
0 0.474330 0.706349 0.042411 0.038549
0 0.670759 0.696145 0.033482 0.022676
0 0.287946 0.704082 0.075893 0.038549
0 0.371652 0.678005 0.033482 0.027211
0 0.251116 0.668934 0.055804 0.022676
0 0.498884 0.646259 0.033482 0.027211
0 0.181920 0.603175 0.095982 0.072562
0 0.397321 0.594104 0.089286 0.068027
0 0.241071 0.562358 0.017857 0.018141
0 0.592634 0.561224 0.042411 0.020408
0 0.358259 0.514739 0.078125 0.022676
0 0.598214 0.519274 0.053571 0.036281
0 0.608259 0.455782 0.020089 0.018141
0 0.360491 0.460317 0.082589 0.040816
0 0.360491 0.409297 0.064732 0.047619
0 0.518973 0.365079 0.055804 0.036281
0 0.551339 0.309524 0.026786 0.029478
0 0.293527 0.314059 0.051339 0.047619
0 0.402902 0.239229 0.051339 0.043084
0 0.558036 0.210884 0.017857 0.013605
0 0.940848 0.213152 0.051339 0.040816
0 0.684152 0.197279 0.029018 0.022676
0 0.563616 0.123583 0.011161 0.011338
0 0.335938 0.115646 0.042411 0.031746
0 0.253348 0.090703 0.037946 0.040816
0 0.649554 0.109977 0.080357 0.088435
0 0.534598 0.086168 0.064732 0.040816
0 0.311384 0.056689 0.051339 0.036281
0 0.508929 0.040816 0.022321 0.022676