0 0.437337 0.977545 0.023499 0.032934
0 0.336815 0.959581 0.057441 0.038922
0 0.920366 0.925150 0.070496 0.065868
0 0.312010 0.901198 0.033943 0.035928
0 0.032637 0.884731 0.039164 0.050898
0 0.143603 0.808383 0.031332 0.041916
0 0.220627 0.788922 0.033943 0.050898
0 0.776762 0.772455 0.044386 0.029940
0 0.197128 0.747006 0.028721 0.020958
0 0.258486 0.717066 0.036554 0.038922
0 0.744125 0.708084 0.041775 0.026946
0 0.210183 0.679641 0.039164 0.035928
0 0.425587 0.667665 0.046997 0.047904
0 0.734987 0.663174 0.044386 0.044910
0 0.949086 0.390719 0.044386 0.032934
0 0.612272 0.389222 0.049608 0.047904
0 0.631854 0.312874 0.046997 0.062874
0 0.523499 0.297904 0.033943 0.032934
0 0.831593 0.220060 0.033943 0.044910
0 0.669713 0.205090 0.028721 0.026946
0 0.079634 0.179641 0.039164 0.035928
0 0.442559 0.170659 0.023499 0.047904
0 0.383812 0.124251 0.036554 0.044910
0 0.681462 0.082335 0.036554 0.032934
0 0.319843 0.070359 0.060052 0.050898
0 0.274151 0.058383 0.020888 0.026946
0 0.469974 0.044910 0.062663 0.047904
0 0.844648 0.025449 0.028721 0.038922