0 0.953216 0.943925 0.070175 0.093458
0 0.940058 0.875389 0.020468 0.024922
0 0.944444 0.834891 0.023392 0.024922
0 0.959064 0.799065 0.029240 0.028037
0 0.384503 0.671340 0.049708 0.040498
0 0.542398 0.661994 0.038012 0.028037
0 0.676901 0.643302 0.032164 0.040498
0 0.573099 0.543614 0.052632 0.034268
0 0.324561 0.518692 0.029240 0.034268
0 0.812865 0.478193 0.023392 0.021807
0 0.565789 0.436137 0.014620 0.018692
0 0.352339 0.425234 0.020468 0.028037
0 0.625731 0.433022 0.040936 0.049844
0 0.828947 0.412773 0.032164 0.028037
0 0.413743 0.403427 0.026316 0.021807
0 0.331871 0.404984 0.020468 0.024922
0 0.308480 0.403427 0.014620 0.021807
0 0.554094 0.403427 0.020468 0.028037
0 0.521930 0.397196 0.020468 0.021807
0 0.385965 0.397196 0.023392 0.021807
0 0.271930 0.414330 0.040936 0.068536
0 0.783626 0.401869 0.076023 0.062305
0 0.625731 0.384735 0.023392 0.028037
0 0.472222 0.378505 0.020468 0.021807
0 0.296784 0.370717 0.020468 0.031153
0 0.486842 0.350467 0.038012 0.046729
0 0.785088 0.314642 0.014620 0.018692
0 0.282164 0.314642 0.078947 0.068536
0 0.298246 0.271028 0.017544 0.018692
0 0.261696 0.266355 0.020468 0.021807
0 0.321637 0.221184 0.064327 0.056075
0 0.274854 0.024922 0.017544 0.018692