0 0.287469 0.943373 0.044226 0.045783
0 0.577396 0.900000 0.014742 0.016867
0 0.675676 0.884337 0.024570 0.019277
0 0.571253 0.855422 0.041769 0.028916
0 0.576167 0.821687 0.017199 0.014458
0 0.681818 0.812048 0.017199 0.019277
0 0.536855 0.809639 0.041769 0.038554
0 0.762899 0.795181 0.012285 0.014458
0 0.332924 0.361446 0.012285 0.014458
0 0.368550 0.356627 0.039312 0.033735
0 0.431204 0.353012 0.051597 0.050602
0 0.621622 0.318072 0.024570 0.028916
0 0.563882 0.222892 0.022113 0.026506
0 0.651106 0.203614 0.014742 0.016867