0 0.066919 0.764059 0.047980 0.061125
0 0.657828 0.729829 0.027778 0.036675
0 0.946970 0.588020 0.035354 0.031785
0 0.191919 0.584352 0.035354 0.029340
0 0.390152 0.548900 0.032828 0.026895
0 0.320707 0.545232 0.025253 0.029340
0 0.809343 0.524450 0.027778 0.026895
0 0.893939 0.525672 0.035354 0.039120
0 0.233586 0.512225 0.042929 0.056235
0 0.537879 0.491443 0.030303 0.044010
0 0.849747 0.367971 0.027778 0.017115
0 0.546717 0.321516 0.027778 0.031785
0 0.469697 0.261614 0.020202 0.034230
0 0.575758 0.231051 0.030303 0.036675
0 0.140152 0.138142 0.037879 0.046455
0 0.300505 0.110024 0.050505 0.053790