0 0.852094 0.983380 0.023560 0.022161
0 0.221204 0.980609 0.018325 0.016620
0 0.120419 0.943213 0.026178 0.030471
0 0.260471 0.933518 0.028796 0.027701
0 0.692408 0.915512 0.028796 0.030471
0 0.804974 0.914127 0.023560 0.033241
0 0.468586 0.907202 0.041885 0.036011
0 0.602094 0.911357 0.041885 0.049861
0 0.342932 0.893352 0.026178 0.030471
0 0.700262 0.862881 0.034031 0.024931
0 0.960733 0.867036 0.047120 0.038781
0 0.891361 0.850416 0.023560 0.022161
0 0.624346 0.821330 0.018325 0.013850
0 0.683246 0.811634 0.026178 0.027701
0 0.925393 0.808864 0.049738 0.038781
0 0.952880 0.790859 0.015707 0.013850
0 0.391361 0.796399 0.028796 0.030471
0 0.870419 0.793629 0.018325 0.030471
0 0.612565 0.795014 0.031414 0.033241
0 0.825916 0.790859 0.044503 0.036011
0 0.517016 0.790859 0.028796 0.041551
0 0.267016 0.783934 0.036649 0.044321
0 0.913613 0.771468 0.036649 0.030471
0 0.408377 0.764543 0.015707 0.022161
0 0.600785 0.763158 0.034031 0.024931
0 0.634817 0.754848 0.028796 0.036011
0 0.103403 0.746537 0.023560 0.019391
0 0.289267 0.735457 0.023560 0.019391
0 0.910995 0.722992 0.020942 0.016620
0 0.140052 0.728532 0.034031 0.027701
0 0.391361 0.711911 0.023560 0.022161
0 0.298429 0.677285 0.031414 0.019391
0 0.022251 0.693906 0.018325 0.052632
0 0.633508 0.681440 0.041885 0.033241
0 0.564136 0.664820 0.023560 0.033241
0 0.297120 0.641274 0.034031 0.047091
0 0.217277 0.626039 0.036649 0.038781
0 0.969895 0.599723 0.023560 0.013850
0 0.781414 0.603878 0.023560 0.033241
0 0.353403 0.620499 0.052356 0.072022
0 0.201571 0.594183 0.031414 0.030471
0 0.251309 0.548476 0.020942 0.022161
0 0.107330 0.512465 0.026178 0.027701
0 0.208115 0.513850 0.049738 0.047091
0 0.287958 0.495845 0.020942 0.027701
0 0.120419 0.487535 0.020942 0.016620
0 0.388743 0.448753 0.028796 0.027701
0 0.253927 0.421053 0.036649 0.022161
0 0.189791 0.400277 0.028796 0.024931
0 0.098168 0.394737 0.039267 0.030471
0 0.132199 0.367036 0.018325 0.019391
0 0.162304 0.360111 0.020942 0.022161
0 0.049738 0.290859 0.015707 0.016620
0 0.082461 0.293629 0.028796 0.033241
0 0.116492 0.282548 0.034031 0.033241
0 0.556283 0.264543 0.018325 0.019391
0 0.140052 0.245152 0.018325 0.019391
0 0.490838 0.242382 0.023560 0.024931
0 0.222513 0.239612 0.036649 0.041551
0 0.090314 0.162050 0.018325 0.024931
0 0.376963 0.105263 0.020942 0.027701
0 0.513089 0.038781 0.020942 0.016620
0 0.145288 0.034626 0.028796 0.047091