0 0.432051 0.968750 0.028205 0.031250
0 0.807692 0.964844 0.066667 0.065104
0 0.450000 0.928385 0.043590 0.028646
0 0.597436 0.921875 0.041026 0.041667
0 0.256410 0.899740 0.025641 0.023438
0 0.707692 0.899740 0.046154 0.054688
0 0.379487 0.894531 0.041026 0.044271
0 0.262821 0.846354 0.023077 0.020833
0 0.333333 0.854167 0.051282 0.057292
0 0.482051 0.842448 0.030769 0.044271
0 0.551282 0.832031 0.030769 0.028646
0 0.337179 0.781250 0.064103 0.026042
0 0.903846 0.770833 0.043590 0.046875
0 0.306410 0.748698 0.028205 0.023438
0 0.705128 0.739583 0.076923 0.083333
0 0.314103 0.700521 0.017949 0.020833
0 0.470513 0.704427 0.058974 0.044271
0 0.228205 0.700521 0.041026 0.041667
0 0.855128 0.678385 0.069231 0.039062
0 0.734615 0.648438 0.038462 0.026042
0 0.464103 0.644531 0.051282 0.039062
0 0.914103 0.641927 0.048718 0.044271
0 0.664103 0.613281 0.030769 0.028646
0 0.723077 0.559896 0.015385 0.020833
0 0.846154 0.549479 0.030769 0.020833
0 0.676923 0.542969 0.025641 0.023438
0 0.455128 0.553385 0.043590 0.044271
0 0.506410 0.514323 0.023077 0.018229
0 0.833333 0.515625 0.041026 0.031250
0 0.396154 0.519531 0.038462 0.039062
0 0.098718 0.509115 0.023077 0.023438
0 0.465385 0.494792 0.023077 0.020833
0 0.910256 0.501302 0.041026 0.039062
0 0.483333 0.481771 0.028205 0.026042
0 0.571795 0.479167 0.035897 0.026042
0 0.734615 0.484375 0.105128 0.052083
0 0.642308 0.473958 0.053846 0.031250
0 0.133333 0.475260 0.030769 0.039062
0 0.410256 0.459635 0.046154 0.028646
0 0.292308 0.442708 0.035897 0.020833
0 0.802564 0.429688 0.035897 0.015625
0 0.729487 0.427083 0.023077 0.026042
0 0.553846 0.428385 0.041026 0.039062
0 0.657692 0.425781 0.043590 0.059896
0 0.207692 0.399740 0.025641 0.023438
0 0.957692 0.397135 0.043590 0.028646
0 0.478205 0.393229 0.023077 0.020833
0 0.448718 0.394531 0.020513 0.028646
0 0.552564 0.390625 0.023077 0.031250
0 0.278205 0.391927 0.043590 0.039062
0 0.700000 0.384115 0.030769 0.033854
0 0.406410 0.382812 0.053846 0.041667
0 0.214103 0.354167 0.033333 0.026042
0 0.192308 0.320312 0.035897 0.031250
0 0.026923 0.286458 0.048718 0.041667
0 0.403846 0.268229 0.033333 0.026042
0 0.755128 0.261719 0.038462 0.039062
0 0.924359 0.264323 0.043590 0.049479
0 0.411538 0.214844 0.069231 0.065104
0 0.702564 0.200521 0.056410 0.041667
0 0.274359 0.195312 0.035897 0.031250
0 0.614103 0.194010 0.048718 0.054688
0 0.525641 0.128906 0.030769 0.033854
0 0.134615 0.089844 0.053846 0.033854
0 0.561538 0.085938 0.051282 0.031250
0 0.569231 0.032552 0.056410 0.049479
0 0.493590 0.022135 0.028205 0.044271