0 0.767196 0.881944 0.042328 0.041667
0 0.519841 0.763889 0.050265 0.050000
0 0.414021 0.770833 0.039683 0.075000
0 0.603175 0.750000 0.084656 0.083333
0 0.411376 0.718056 0.050265 0.030556
0 0.337302 0.752778 0.082011 0.116667
0 0.710317 0.719444 0.108466 0.083333
0 0.457672 0.673611 0.052910 0.052778
0 0.169312 0.662500 0.095238 0.108333
0 0.611111 0.620833 0.116402 0.091667
0 0.388889 0.619444 0.079365 0.116667
0 0.521164 0.590278 0.058201 0.069444
0 0.720899 0.570833 0.071429 0.052778
0 0.097884 0.469444 0.052910 0.061111
0 0.699735 0.380556 0.055556 0.077778
0 0.343915 0.361111 0.052910 0.050000
0 0.305556 0.325000 0.044974 0.055556
0 0.410053 0.288889 0.031746 0.033333
0 0.369048 0.265278 0.039683 0.030556
0 0.591270 0.280556 0.055556 0.066667
0 0.861111 0.251389 0.044974 0.036111
0 0.572751 0.208333 0.039683 0.038889
0 0.723545 0.183333 0.050265 0.050000
0 0.687831 0.144444 0.037037 0.050000
0 0.630952 0.165278 0.092593 0.108333
0 0.923280 0.087500 0.052910 0.036111