0 0.357323 0.804020 0.027778 0.030151
0 0.359848 0.762563 0.012626 0.017588
0 0.157828 0.768844 0.032828 0.035176
0 0.123737 0.678392 0.015152 0.020101
0 0.229798 0.636935 0.035354 0.042714
0 0.508838 0.611809 0.022727 0.027638
0 0.323232 0.599246 0.020202 0.027638
0 0.262626 0.488693 0.020202 0.022613
0 0.828283 0.231156 0.020202 0.020101
0 0.939394 0.180905 0.015152 0.020101
0 0.646465 0.178392 0.020202 0.025126
0 0.595960 0.173367 0.015152 0.030151
0 0.502525 0.155779 0.025253 0.035176
0 0.522727 0.095477 0.040404 0.050251
0 0.698232 0.050251 0.017677 0.025126
0 0.304293 0.033920 0.012626 0.012563