0 0.893646 0.951327 0.024862 0.032448
0 0.609116 0.933628 0.030387 0.020649
0 0.714088 0.926254 0.019337 0.017699
0 0.698895 0.899705 0.016575 0.017699
0 0.585635 0.899705 0.022099 0.029499
0 0.853591 0.883481 0.016575 0.020649
0 0.835635 0.859882 0.019337 0.020649
0 0.383978 0.831858 0.022099 0.023599
0 0.785912 0.806785 0.013812 0.014749
0 0.964088 0.781711 0.016575 0.023599
0 0.926796 0.761062 0.024862 0.029499
0 0.176796 0.738938 0.016575 0.020649
0 0.784530 0.705015 0.022099 0.017699
0 0.730663 0.681416 0.013812 0.017699
0 0.856354 0.656342 0.011050 0.014749
0 0.837017 0.662242 0.016575 0.026549
0 0.400552 0.668142 0.022099 0.038348
0 0.204420 0.687316 0.044199 0.076696
0 0.364641 0.554572 0.055249 0.041298
0 0.516575 0.488201 0.016575 0.020649
0 0.389503 0.488201 0.027624 0.038348
0 0.346685 0.470501 0.035912 0.044248
0 0.145028 0.467552 0.024862 0.044248
0 0.444751 0.429204 0.038674 0.044248
0 0.232044 0.331858 0.022099 0.026549
0 0.027624 0.271386 0.022099 0.017699
0 0.041436 0.243363 0.033149 0.026549