0 0.904070 0.694277 0.029070 0.027108
0 0.908430 0.593373 0.026163 0.036145
0 0.417151 0.603916 0.078488 0.087349
0 0.639535 0.560241 0.029070 0.036145
0 0.694767 0.533133 0.040698 0.024096
0 0.379360 0.433735 0.026163 0.036145
0 0.417151 0.412651 0.026163 0.036145
0 0.527616 0.400602 0.026163 0.024096
0 0.946221 0.406627 0.066860 0.048193
0 0.318314 0.350904 0.037791 0.033133
0 0.542151 0.352410 0.026163 0.042169
0 0.885174 0.322289 0.020349 0.030120
0 0.033430 0.304217 0.043605 0.042169
0 0.806686 0.299699 0.049419 0.045181
0 0.084302 0.265060 0.063953 0.060241
0 0.521802 0.137048 0.043605 0.033133
0 0.501453 0.061747 0.037791 0.033133