0 0.821326 0.684783 0.028818 0.032609
0 0.086455 0.456522 0.028818 0.038043
0 0.051873 0.445652 0.028818 0.038043
0 0.010086 0.436141 0.014409 0.019022
0 0.017291 0.385870 0.017291 0.016304
0 0.180115 0.358696 0.043228 0.038043
0 0.331412 0.169837 0.028818 0.029891
0 0.472622 0.163043 0.034582 0.032609
0 0.448127 0.154891 0.014409 0.016304
0 0.515850 0.139946 0.023055 0.024457
0 0.528818 0.115489 0.020173 0.019022
0 0.619597 0.101902 0.028818 0.024457
0 0.233429 0.051630 0.023055 0.021739
0 0.721902 0.044837 0.031700 0.029891
0 0.691643 0.032609 0.023055 0.021739