0 0.289216 0.960106 0.024510 0.031915
0 0.671569 0.844415 0.034314 0.034574
0 0.915441 0.760638 0.031863 0.047872
0 0.745098 0.734043 0.024510 0.031915
0 0.694853 0.663564 0.031863 0.018617
0 0.625000 0.659574 0.039216 0.037234
0 0.100490 0.555851 0.029412 0.015957
0 0.290441 0.561170 0.051471 0.063830
0 0.128676 0.539894 0.022059 0.026596
0 0.106618 0.525266 0.022059 0.023936
0 0.197304 0.502660 0.022059 0.031915
0 0.773284 0.481383 0.056373 0.042553
0 0.714461 0.453457 0.026961 0.034574
0 0.323529 0.457447 0.034314 0.042553
0 0.562500 0.449468 0.026961 0.037234
0 0.785539 0.442819 0.046569 0.029255
0 0.487745 0.385638 0.024510 0.026596
0 0.458333 0.331117 0.014706 0.013298
0 0.818627 0.313830 0.049020 0.058511
0 0.432598 0.236702 0.026961 0.015957
0 0.339461 0.194149 0.022059 0.015957
0 0.354167 0.130319 0.071078 0.053191
0 0.314951 0.066489 0.026961 0.037234