0 0.687173 0.947704 0.028796 0.022959
0 0.761780 0.897959 0.036649 0.020408
0 0.755236 0.827806 0.028796 0.017857
0 0.921466 0.793367 0.026178 0.020408
0 0.807592 0.743622 0.034031 0.022959
0 0.886126 0.727041 0.028796 0.020408
0 0.879581 0.697704 0.036649 0.022959
0 0.759162 0.700255 0.047120 0.043367
0 0.804974 0.678571 0.044503 0.066327
0 0.731675 0.640306 0.034031 0.025510
0 0.972513 0.632653 0.023560 0.020408
0 0.713351 0.617347 0.018325 0.015306
0 0.849476 0.595663 0.044503 0.028061
0 0.740838 0.593112 0.036649 0.028061
0 0.204188 0.586735 0.031414 0.030612
0 0.544503 0.576531 0.041885 0.030612
0 0.438482 0.542092 0.028796 0.012755
0 0.886126 0.529337 0.018325 0.017857
0 0.931937 0.501276 0.015707 0.012755
0 0.977749 0.492347 0.023560 0.015306
0 0.747382 0.501276 0.049738 0.053571
0 0.867801 0.489796 0.039267 0.045918
0 0.056283 0.404337 0.023560 0.022959
0 0.849476 0.404337 0.049738 0.038265
0 0.746073 0.399235 0.062827 0.053571
0 0.696335 0.378827 0.020942 0.012755
0 0.422775 0.369898 0.044503 0.076531
0 0.239529 0.334184 0.028796 0.020408
0 0.151832 0.281888 0.026178 0.022959
0 0.689791 0.278061 0.023560 0.025510
0 0.164921 0.251276 0.015707 0.022959
0 0.081152 0.233418 0.041885 0.048469
0 0.095550 0.168367 0.028796 0.030612
0 0.163613 0.172194 0.039267 0.058673
0 0.206806 0.149235 0.026178 0.043367
0 0.388743 0.103316 0.028796 0.017857
0 0.036649 0.085459 0.041885 0.048469