0 0.044790 0.981718 0.049360 0.032907
0 0.276965 0.975320 0.023766 0.023766
0 0.082267 0.912249 0.043876 0.043876
0 0.178245 0.886654 0.020110 0.029250
0 0.306216 0.865631 0.038391 0.045704
0 0.674589 0.826325 0.025594 0.029250
0 0.792505 0.809872 0.045704 0.062157
0 0.181901 0.795247 0.031079 0.043876
0 0.202011 0.747715 0.012797 0.014625
0 0.957952 0.755941 0.040219 0.038391
0 0.791590 0.727605 0.014625 0.021938
0 0.409506 0.683729 0.021938 0.018282
0 0.927788 0.638940 0.038391 0.020110
0 0.898537 0.622486 0.027422 0.027422
0 0.915905 0.567642 0.051188 0.038391
0 0.856490 0.553931 0.027422 0.021938
0 0.907678 0.528336 0.012797 0.025594
0 0.852834 0.528336 0.027422 0.025594
0 0.834552 0.397623 0.020110 0.031079
0 0.071298 0.160878 0.051188 0.058501
0 0.466179 0.093236 0.040219 0.047532