0 0.646341 0.985294 0.034146 0.024064
0 0.551220 0.885027 0.034146 0.016043
0 0.886585 0.807487 0.026829 0.021390
0 0.884146 0.758021 0.017073 0.029412
0 0.103659 0.677807 0.021951 0.024064
0 0.315854 0.660428 0.051220 0.058824
0 0.504878 0.617647 0.019512 0.026738
0 0.663415 0.605615 0.034146 0.034759
0 0.135366 0.601604 0.026829 0.026738
0 0.671951 0.522727 0.046341 0.034759
0 0.567073 0.516043 0.031707 0.037433
0 0.486585 0.487968 0.026829 0.018717
0 0.885366 0.335561 0.034146 0.018717
0 0.923171 0.338235 0.017073 0.029412
0 0.498780 0.328877 0.036585 0.021390
0 0.671951 0.312834 0.051220 0.026738
0 0.841463 0.307487 0.058537 0.048128
0 0.341463 0.296791 0.029268 0.026738
0 0.035366 0.216578 0.026829 0.037433
0 0.948780 0.165775 0.029268 0.032086
0 0.812195 0.148396 0.019512 0.013369
0 0.143902 0.135027 0.039024 0.034759
0 0.093902 0.128342 0.031707 0.032086
0 0.213415 0.048128 0.026829 0.032086
0 0.963415 0.040107 0.043902 0.042781