0 0.957524 0.950521 0.031553 0.026042
0 0.305825 0.950521 0.033981 0.036458
0 0.722087 0.890625 0.026699 0.041667
0 0.449029 0.832031 0.019417 0.018229
0 0.674757 0.843750 0.053398 0.057292
0 0.842233 0.794271 0.019417 0.015625
0 0.148058 0.796875 0.019417 0.020833
0 0.716019 0.760417 0.038835 0.046875
0 0.283981 0.750000 0.033981 0.052083
0 0.381068 0.703125 0.033981 0.031250
0 0.115291 0.639323 0.016990 0.018229
0 0.598301 0.338542 0.021845 0.031250
0 0.657767 0.317708 0.019417 0.020833
0 0.819175 0.268229 0.026699 0.026042
0 0.779126 0.210938 0.019417 0.020833
0 0.554612 0.205729 0.065534 0.046875
0 0.610437 0.184896 0.026699 0.020833
0 0.344660 0.145833 0.024272 0.026042
0 0.410194 0.149740 0.048544 0.085938
0 0.582524 0.097656 0.019417 0.023438
0 0.500000 0.028646 0.024272 0.026042