0 0.861732 0.877193 0.036313 0.040936
0 0.163408 0.865497 0.092179 0.058480
0 0.944134 0.714912 0.033520 0.043860
0 0.935754 0.654971 0.027933 0.040936
0 0.396648 0.587719 0.033520 0.035088
0 0.814246 0.559942 0.019553 0.020468
0 0.864525 0.554094 0.019553 0.032164
0 0.800279 0.536550 0.030726 0.026316
0 0.797486 0.494152 0.025140 0.023392
0 0.189944 0.475146 0.016760 0.014620
0 0.881285 0.463450 0.025140 0.020468
0 0.822626 0.407895 0.019553 0.026316
0 0.801676 0.362573 0.033520 0.023392
0 0.210894 0.355263 0.025140 0.026316
0 0.340782 0.359649 0.055866 0.058480
0 0.765363 0.328947 0.027933 0.020468
0 0.409218 0.318713 0.047486 0.040936
0 0.275140 0.317251 0.025140 0.038012
0 0.951117 0.309942 0.036313 0.046784
0 0.223464 0.288012 0.016760 0.020468
0 0.039106 0.283626 0.061453 0.040936
0 0.543296 0.267544 0.047486 0.043860
0 0.615922 0.257310 0.030726 0.035088
0 0.407821 0.239766 0.033520 0.029240
0 0.567039 0.225146 0.022346 0.023392
0 0.113128 0.236842 0.036313 0.046784
0 0.068436 0.210526 0.025140 0.035088
0 0.533520 0.171053 0.067039 0.043860
0 0.138268 0.163743 0.030726 0.029240
0 0.171788 0.154971 0.019553 0.023392
0 0.034916 0.159357 0.036313 0.038012
0 0.582402 0.149123 0.030726 0.023392
0 0.438547 0.138889 0.033520 0.043860
0 0.016760 0.116959 0.022346 0.017544
0 0.128492 0.121345 0.039106 0.038012
0 0.488827 0.106725 0.033520 0.038012
0 0.082402 0.093567 0.019553 0.017544
0 0.279330 0.092105 0.044693 0.038012
0 0.317039 0.081871 0.025140 0.029240
0 0.634078 0.078947 0.027933 0.035088
0 0.237430 0.074561 0.027933 0.032164
0 0.111732 0.067251 0.027933 0.058480
0 0.064246 0.038012 0.027933 0.058480
0 0.023743 0.033626 0.036313 0.055556