0 0.144444 0.913750 0.017284 0.012500
0 0.448148 0.887500 0.032099 0.035000
0 0.496296 0.867500 0.049383 0.040000
0 0.555556 0.841250 0.024691 0.022500
0 0.438272 0.768750 0.037037 0.042500
0 0.227160 0.737500 0.049383 0.050000
0 0.093827 0.715000 0.034568 0.030000
0 0.371605 0.663750 0.032099 0.032500
0 0.523457 0.548750 0.034568 0.037500
0 0.422222 0.536250 0.019753 0.027500
0 0.948148 0.263750 0.019753 0.022500
0 0.659259 0.227500 0.019753 0.025000
0 0.480247 0.123750 0.012346 0.017500
0 0.483951 0.083750 0.034568 0.047500