0 0.766497 0.932877 0.045685 0.035616
0 0.780457 0.894521 0.032995 0.024658
0 0.612944 0.901370 0.058376 0.049315
0 0.822335 0.875342 0.045685 0.024658
0 0.895939 0.857534 0.081218 0.060274
0 0.621827 0.841096 0.030457 0.032877
0 0.546954 0.839726 0.078680 0.052055
0 0.828680 0.820548 0.038071 0.019178
0 0.677665 0.820548 0.045685 0.041096
0 0.178934 0.808219 0.048223 0.027397
0 0.601523 0.800000 0.035533 0.038356
0 0.753807 0.783562 0.040609 0.021918
0 0.671320 0.782192 0.043147 0.024658
0 0.073604 0.776712 0.040609 0.035616
0 0.435279 0.768493 0.027919 0.030137
0 0.789340 0.768493 0.035533 0.035616
0 0.596447 0.732877 0.045685 0.035616
0 0.450508 0.704110 0.038071 0.021918
0 0.399746 0.706849 0.032995 0.032877
0 0.019036 0.700000 0.027919 0.019178
0 0.130711 0.695890 0.043147 0.032877
0 0.673858 0.687671 0.032995 0.021918
0 0.914975 0.683562 0.022843 0.030137
0 0.437817 0.675342 0.048223 0.030137
0 0.619289 0.646575 0.035533 0.027397
0 0.866751 0.628767 0.053299 0.030137
0 0.677665 0.628767 0.065990 0.052055
0 0.453046 0.626027 0.109137 0.068493
0 0.496193 0.589041 0.038071 0.027397
0 0.092640 0.590411 0.038071 0.035616
0 0.843909 0.567123 0.043147 0.021918
0 0.686548 0.565753 0.027919 0.019178
0 0.807107 0.553425 0.025381 0.021918
0 0.862944 0.534247 0.030457 0.021918
0 0.762690 0.524658 0.027919 0.030137
0 0.540609 0.512329 0.025381 0.016438
0 0.638325 0.504110 0.048223 0.032877
0 0.247462 0.497260 0.038071 0.019178
0 0.878173 0.501370 0.045685 0.032877
0 0.681472 0.505479 0.032995 0.041096
0 0.746193 0.500000 0.045685 0.041096
0 0.796954 0.464384 0.020305 0.019178
0 0.708122 0.468493 0.025381 0.027397
0 0.190355 0.460274 0.071066 0.038356
0 0.592640 0.431507 0.058376 0.035616
0 0.888325 0.421918 0.015228 0.027397
0 0.732234 0.417808 0.027919 0.024658
0 0.671320 0.405479 0.032995 0.016438
0 0.187817 0.405479 0.055838 0.054795
0 0.619289 0.391781 0.040609 0.032877
0 0.701777 0.380822 0.032995 0.021918
0 0.763959 0.361644 0.020305 0.021918
0 0.258883 0.349315 0.045685 0.024658
0 0.399746 0.338356 0.022843 0.024658
0 0.616751 0.335616 0.035533 0.024658
0 0.789340 0.324658 0.030457 0.024658
0 0.104061 0.326027 0.040609 0.027397
0 0.573604 0.315068 0.025381 0.021918
0 0.709391 0.321918 0.043147 0.041096
0 0.260152 0.308219 0.053299 0.019178
0 0.656091 0.308219 0.048223 0.030137
0 0.092640 0.290411 0.063452 0.032877
0 0.808376 0.282192 0.027919 0.027397
0 0.757614 0.275342 0.038071 0.030137
0 0.241117 0.276712 0.055838 0.038356
0 0.618020 0.257534 0.032995 0.021918
0 0.692893 0.252055 0.025381 0.021918
0 0.540609 0.236986 0.025381 0.019178
0 0.279188 0.239726 0.040609 0.035616
0 0.788071 0.216438 0.027919 0.021918
0 0.647208 0.223288 0.045685 0.041096
0 0.516497 0.215068 0.053299 0.030137
0 0.828680 0.208219 0.027919 0.021918
0 0.530457 0.165753 0.035533 0.019178
0 0.709391 0.164384 0.032995 0.027397
0 0.748731 0.150685 0.030457 0.021918
0 0.658629 0.141096 0.048223 0.035616
0 0.149746 0.131507 0.035533 0.021918
0 0.077411 0.130137 0.027919 0.019178
0 0.487310 0.123288 0.050761 0.027397
0 0.574873 0.109589 0.032995 0.021918
0 0.352792 0.100000 0.065990 0.041096
0 0.626904 0.079452 0.045685 0.038356
0 0.492386 0.064384 0.055838 0.030137
0 0.053299 0.060274 0.040609 0.027397
0 0.897208 0.053425 0.012690 0.019178
0 0.355330 0.049315 0.040609 0.027397
0 0.794416 0.043836 0.035533 0.027397
0 0.288071 0.050685 0.073604 0.052055
0 0.562183 0.038356 0.032995 0.032877
0 0.766497 0.013699 0.035533 0.027397