0 0.410290 0.629781 0.034301 0.030055
0 0.420844 0.535519 0.034301 0.054645
0 0.187335 0.510929 0.031662 0.043716
0 0.511873 0.478142 0.026385 0.027322
0 0.277045 0.450820 0.021108 0.021858
0 0.308707 0.442623 0.031662 0.032787
0 0.143799 0.443989 0.055409 0.040984
0 0.143799 0.411202 0.018470 0.019126
0 0.124011 0.405738 0.021108 0.013661
0 0.094987 0.407104 0.026385 0.043716
0 0.502639 0.390710 0.018470 0.021858
0 0.127968 0.378415 0.013193 0.013661
0 0.162269 0.368852 0.013193 0.010929
0 0.106860 0.368852 0.018470 0.021858
0 0.046174 0.344262 0.018470 0.016393
0 0.955145 0.326503 0.058047 0.062842
0 0.043536 0.207650 0.023747 0.016393