0 0.877841 0.868564 0.022727 0.024390
0 0.169034 0.719512 0.042614 0.046070
0 0.049716 0.673442 0.031250 0.035230
0 0.109375 0.628726 0.042614 0.043360
0 0.461648 0.611111 0.019886 0.018970
0 0.234375 0.624661 0.048295 0.046070
0 0.512784 0.551491 0.019886 0.024390
0 0.414773 0.464770 0.028409 0.018970
0 0.125000 0.464770 0.068182 0.051491
0 0.630682 0.459350 0.051136 0.046070
0 0.762784 0.432249 0.059659 0.046070
0 0.882102 0.415989 0.042614 0.067751
0 0.338068 0.352304 0.022727 0.016260
0 0.470170 0.304878 0.025568 0.029810
0 0.710227 0.281843 0.034091 0.027100
0 0.727273 0.135501 0.034091 0.037940
0 0.120739 0.119241 0.036932 0.021680