0 0.819521 0.983725 0.022099 0.021700
0 0.802947 0.965642 0.022099 0.018083
0 0.872007 0.962025 0.027624 0.021700
0 0.936464 0.962025 0.027624 0.028933
0 0.969613 0.931284 0.020258 0.021700
0 0.799263 0.926763 0.025783 0.027125
0 0.050645 0.924955 0.038674 0.027125
0 0.939227 0.915009 0.025783 0.025316
0 0.910681 0.896022 0.020258 0.019892
0 0.855433 0.870705 0.027624 0.019892
0 0.134438 0.791139 0.029466 0.023508
0 0.156538 0.764919 0.025783 0.018083
0 0.217311 0.712477 0.055249 0.036166
0 0.174033 0.704340 0.020258 0.019892
0 0.086556 0.676311 0.014733 0.014467
0 0.265193 0.682640 0.051565 0.045208
0 0.101289 0.658228 0.033149 0.025316
0 0.217311 0.646474 0.036832 0.023508
0 0.052486 0.630199 0.027624 0.019892
0 0.198895 0.621157 0.029466 0.023508
0 0.059853 0.610307 0.020258 0.016275
0 0.102210 0.618445 0.038674 0.047016
0 0.332413 0.594937 0.020258 0.021700
0 0.265193 0.598553 0.033149 0.032550
0 0.224678 0.557866 0.029466 0.019892
0 0.367403 0.554250 0.016575 0.023508
0 0.097606 0.544304 0.036832 0.025316
0 0.178637 0.459313 0.036832 0.032550
0 0.320442 0.410488 0.025783 0.018083
0 0.065378 0.378843 0.023941 0.030741
0 0.322284 0.356239 0.029466 0.025316
0 0.194291 0.320976 0.034991 0.030741
0 0.080110 0.303797 0.023941 0.014467
0 0.048803 0.151899 0.020258 0.018083
0 0.070902 0.141953 0.020258 0.012658
0 0.242173 0.133816 0.023941 0.014467
0 0.113260 0.136528 0.023941 0.023508
0 0.091160 0.119349 0.016575 0.014467
0 0.108656 0.111212 0.014733 0.016275
0 0.186004 0.072333 0.040516 0.032550