0 0.935484 0.522059 0.035191 0.026471
0 0.859238 0.530882 0.058651 0.050000
0 0.743402 0.508824 0.043988 0.023529
0 0.920821 0.473529 0.041056 0.035294
0 0.851906 0.470588 0.055718 0.052941
0 0.766862 0.457353 0.049853 0.026471
0 0.621701 0.395588 0.041056 0.038235
0 0.697947 0.407353 0.058651 0.073529
0 0.192082 0.382353 0.061584 0.052941
0 0.758065 0.319118 0.038123 0.020588
0 0.800587 0.235294 0.023460 0.023529
0 0.478006 0.189706 0.041056 0.044118
0 0.580645 0.172059 0.046921 0.038235
0 0.746334 0.119118 0.055718 0.067647
0 0.648094 0.088235 0.035191 0.023529