0 0.484375 0.694853 0.016827 0.012255
0 0.534856 0.686275 0.012019 0.014706
0 0.405048 0.682598 0.031250 0.022059
0 0.817308 0.685049 0.024038 0.031863
0 0.890625 0.676471 0.031250 0.024510
0 0.604567 0.678922 0.069712 0.058824
0 0.455529 0.670343 0.064904 0.051471
0 0.822115 0.643382 0.014423 0.012255
0 0.102163 0.642157 0.021635 0.014706
0 0.763221 0.643382 0.021635 0.022059
0 0.548077 0.653186 0.038462 0.051471
0 0.319712 0.634804 0.019231 0.024510
0 0.585337 0.627451 0.021635 0.034314
0 0.162260 0.595588 0.021635 0.019608
0 0.568510 0.583333 0.016827 0.014706
0 0.509615 0.574755 0.024038 0.022059
0 0.628606 0.568627 0.045673 0.039216
0 0.390625 0.577206 0.098558 0.056373
0 0.344952 0.545343 0.021635 0.026961
0 0.140625 0.531863 0.045673 0.024510
0 0.096154 0.495098 0.062500 0.053922
0 0.719952 0.441176 0.021635 0.019608
0 0.531250 0.433824 0.081731 0.029412
0 0.795673 0.420343 0.028846 0.012255
0 0.710337 0.420343 0.012019 0.012255
0 0.764423 0.405637 0.019231 0.022059
0 0.944712 0.421569 0.081731 0.063725
0 0.870192 0.379902 0.019231 0.014706
0 0.788462 0.383578 0.024038 0.022059
0 0.811298 0.340686 0.074519 0.058824
0 0.419471 0.289216 0.036058 0.029412
0 0.385817 0.285539 0.016827 0.022059
0 0.974760 0.225490 0.021635 0.024510
0 0.955529 0.182598 0.016827 0.012255
0 0.977163 0.161765 0.040865 0.053922
0 0.079327 0.026961 0.024038 0.024510
0 0.038462 0.033088 0.043269 0.056373