0 0.938242 0.916870 0.033254 0.029340
0 0.915677 0.883863 0.026128 0.026895
0 0.760095 0.792176 0.033254 0.029340
0 0.719715 0.768949 0.023753 0.022005
0 0.800475 0.742054 0.033254 0.026895
0 0.897862 0.739609 0.023753 0.026895
0 0.519002 0.740831 0.030879 0.029340
0 0.666271 0.726161 0.026128 0.029340
0 0.725653 0.704156 0.026128 0.024450
0 0.495249 0.687042 0.026128 0.024450
0 0.676960 0.691932 0.047506 0.053790
0 0.288599 0.669927 0.026128 0.029340
0 0.173397 0.668704 0.028504 0.031785
0 0.738717 0.638142 0.023753 0.024450
0 0.260095 0.639364 0.026128 0.026895
0 0.454869 0.630807 0.030879 0.024450
0 0.488124 0.611247 0.026128 0.029340
0 0.448931 0.564792 0.023753 0.024450
0 0.410926 0.545232 0.023753 0.019560
0 0.530879 0.372861 0.035629 0.026895
0 0.394299 0.361858 0.033254 0.029340