0 0.961618 0.941043 0.031120 0.054422
0 0.767635 0.904762 0.029046 0.036281
0 0.828838 0.862812 0.014523 0.034014
0 0.060166 0.862812 0.041494 0.065760
0 0.529046 0.849206 0.049793 0.047619
0 0.096473 0.825397 0.018672 0.018141
0 0.827801 0.772109 0.029046 0.038549
0 0.331950 0.722222 0.041494 0.043084
0 0.726141 0.639456 0.012448 0.018141
0 0.743776 0.614512 0.014523 0.013605
0 0.923237 0.592971 0.024896 0.034014
0 0.897303 0.569161 0.014523 0.027211
0 0.820539 0.547619 0.022822 0.011338
0 0.317427 0.543084 0.012448 0.015873
0 0.866183 0.521542 0.014523 0.013605
0 0.332988 0.506803 0.035270 0.047619
0 0.281120 0.487528 0.014523 0.013605
0 0.721992 0.463719 0.024896 0.015873
0 0.273859 0.465986 0.024896 0.020408
0 0.319502 0.429705 0.020747 0.020408
0 0.923237 0.282313 0.012448 0.015873
0 0.748963 0.258503 0.012448 0.018141
0 0.102697 0.257370 0.014523 0.015873
0 0.152490 0.183673 0.031120 0.022676
0 0.673237 0.134921 0.010373 0.011338
0 0.790456 0.096372 0.016598 0.011338
0 0.297718 0.089569 0.022822 0.020408
0 0.697095 0.082766 0.016598 0.015873
0 0.700207 0.057823 0.010373 0.020408
0 0.582988 0.065760 0.033195 0.036281
0 0.255187 0.054422 0.020747 0.027211
0 0.937759 0.041950 0.020747 0.020408
0 0.168050 0.034014 0.016598 0.027211
0 0.449170 0.027211 0.014523 0.022676
0 0.211618 0.023810 0.024896 0.029478