0 0.582031 0.705966 0.013021 0.014205
0 0.588542 0.683239 0.015625 0.014205
0 0.691406 0.681818 0.013021 0.017045
0 0.757812 0.579545 0.020833 0.017045
0 0.264323 0.561080 0.023438 0.019886
0 0.479167 0.536932 0.015625 0.022727
0 0.811198 0.528409 0.018229 0.017045
0 0.505208 0.526989 0.026042 0.031250
0 0.240885 0.518466 0.018229 0.025568
0 0.963542 0.492898 0.026042 0.019886
0 0.890625 0.473011 0.026042 0.025568
0 0.653646 0.447443 0.020833 0.025568
0 0.858073 0.446023 0.033854 0.039773
0 0.730469 0.390625 0.018229 0.025568
0 0.399740 0.367898 0.028646 0.031250
0 0.648438 0.362216 0.020833 0.025568
0 0.109375 0.315341 0.020833 0.022727
0 0.687500 0.309659 0.015625 0.022727
0 0.342448 0.294034 0.018229 0.019886
0 0.308594 0.288352 0.018229 0.019886
0 0.679688 0.281250 0.020833 0.017045
0 0.657552 0.093750 0.028646 0.028409