0 0.085196 0.982192 0.019553 0.019178
0 0.567039 0.961644 0.027933 0.027397
0 0.279330 0.950685 0.022346 0.021918
0 0.948324 0.945205 0.036313 0.032877
0 0.655028 0.952055 0.047486 0.046575
0 0.488827 0.936986 0.022346 0.016438
0 0.526536 0.939726 0.036313 0.027397
0 0.613128 0.908219 0.036313 0.046575
0 0.587989 0.878082 0.025140 0.030137
0 0.181564 0.841096 0.022346 0.016438
0 0.519553 0.841096 0.033520 0.032877
0 0.220670 0.834247 0.022346 0.019178
0 0.318436 0.832877 0.022346 0.027397
0 0.131285 0.815068 0.022346 0.024658
0 0.347765 0.806849 0.025140 0.024658
0 0.477654 0.798630 0.022346 0.019178
0 0.159218 0.801370 0.022346 0.024658
0 0.438547 0.801370 0.033520 0.035616
0 0.297486 0.790411 0.019553 0.019178
0 0.335196 0.778082 0.027933 0.027397
0 0.069832 0.772603 0.027933 0.027397
0 0.368715 0.767123 0.027933 0.027397
0 0.256983 0.773973 0.044693 0.046575
0 0.582402 0.753425 0.025140 0.027397
0 0.687151 0.741096 0.022346 0.019178
0 0.431564 0.741096 0.019553 0.024658
0 0.638268 0.735616 0.025140 0.024658
0 0.283520 0.734247 0.025140 0.021918
0 0.311453 0.728767 0.019553 0.021918
0 0.547486 0.721918 0.027933 0.024658
0 0.280726 0.708219 0.019553 0.024658
0 0.106145 0.705479 0.039106 0.046575
0 0.185754 0.700000 0.075419 0.063014
0 0.289106 0.679452 0.019553 0.027397
0 0.353352 0.671233 0.019553 0.027397
0 0.251397 0.654795 0.027933 0.032877
0 0.389665 0.638356 0.019553 0.021918
0 0.159218 0.632877 0.016760 0.016438
0 0.110335 0.634247 0.025140 0.030137
0 0.466480 0.672603 0.150838 0.128767
0 0.484637 0.616438 0.019553 0.021918
0 0.192737 0.617808 0.033520 0.030137
0 0.421788 0.591781 0.016760 0.016438
0 0.357542 0.597260 0.039106 0.038356
0 0.289106 0.608219 0.069832 0.065753
0 0.331006 0.569863 0.041899 0.032877
0 0.256983 0.546575 0.027933 0.030137
0 0.219274 0.539726 0.019553 0.021918
0 0.342179 0.528767 0.025140 0.021918
0 0.226257 0.513699 0.022346 0.024658
0 0.259777 0.506849 0.027933 0.021918
0 0.370112 0.495890 0.053073 0.038356
0 0.187151 0.478082 0.027933 0.024658
0 0.455307 0.475342 0.022346 0.024658
0 0.093575 0.461644 0.019553 0.024658
0 0.329609 0.456164 0.016760 0.024658
0 0.129888 0.453425 0.041899 0.024658
0 0.305866 0.452055 0.025140 0.027397
0 0.243017 0.467123 0.089385 0.063014
0 0.356145 0.438356 0.030726 0.027397
0 0.205307 0.430137 0.019553 0.021918
0 0.025140 0.391781 0.016760 0.016438
0 0.331006 0.394521 0.036313 0.038356
0 0.194134 0.394521 0.030726 0.043836
0 0.111732 0.372603 0.022346 0.016438
0 0.277933 0.367123 0.030726 0.027397
0 0.194134 0.361644 0.013966 0.016438
0 0.055866 0.367123 0.033520 0.038356
0 0.159218 0.382192 0.055866 0.079452
0 0.018156 0.353425 0.025140 0.038356
0 0.127095 0.323288 0.030726 0.027397
0 0.124302 0.284932 0.030726 0.032877
0 0.162011 0.284932 0.033520 0.054795
0 0.046089 0.235616 0.019553 0.021918
0 0.198324 0.257534 0.055866 0.076712
0 0.142458 0.223288 0.011173 0.013699
0 0.879888 0.227397 0.022346 0.027397
0 0.254190 0.219178 0.027933 0.027397
0 0.044693 0.212329 0.016760 0.013699
0 0.134078 0.198630 0.016760 0.019178
0 0.256983 0.193151 0.027933 0.019178
0 0.093575 0.193151 0.019553 0.019178
0 0.113128 0.172603 0.019553 0.016438
0 0.148045 0.165753 0.016760 0.019178
0 0.217877 0.172603 0.033520 0.038356
0 0.058659 0.143836 0.016760 0.019178
0 0.127095 0.138356 0.019553 0.030137
0 0.895251 0.116438 0.025140 0.019178
0 0.529330 0.105479 0.019553 0.019178
0 0.308659 0.115068 0.092179 0.043836
0 0.171788 0.100000 0.019553 0.019178
0 0.141061 0.087671 0.036313 0.027397
0 0.076816 0.069863 0.025140 0.019178
0 0.039106 0.067123 0.039106 0.035616