0 0.932039 0.831633 0.053398 0.020408
0 0.913835 0.809949 0.031553 0.012755
0 0.904126 0.764031 0.041262 0.017857
0 0.156553 0.608418 0.031553 0.017857
0 0.799757 0.603316 0.046117 0.017857
0 0.423544 0.552296 0.050971 0.017857
0 0.375000 0.521684 0.065534 0.038265
0 0.309466 0.480867 0.036408 0.012755
0 0.456311 0.491071 0.058252 0.058673
0 0.739078 0.463010 0.036408 0.012755
0 0.657767 0.463010 0.014563 0.012755
0 0.415049 0.469388 0.048544 0.035714
0 0.601942 0.426020 0.019417 0.010204
0 0.428398 0.423469 0.114078 0.040816
0 0.782767 0.397959 0.046117 0.025510
0 0.669903 0.387755 0.024272 0.015306
0 0.481796 0.396684 0.065534 0.033163
0 0.375000 0.377551 0.016990 0.020408
0 0.316748 0.364796 0.026699 0.015306
0 0.218447 0.362245 0.038835 0.015306
0 0.466019 0.363520 0.048544 0.033163
0 0.508495 0.339286 0.055825 0.045918
0 0.575243 0.332908 0.048544 0.043367
0 0.661408 0.316327 0.036408 0.020408
0 0.547330 0.294643 0.065534 0.048469
0 0.020631 0.258929 0.036408 0.012755
0 0.842233 0.233418 0.038835 0.017857
0 0.533981 0.225765 0.155340 0.053571
0 0.917476 0.210459 0.048544 0.028061
0 0.177184 0.186224 0.058252 0.020408
0 0.504854 0.168367 0.033981 0.025510
0 0.067961 0.159439 0.048544 0.012755
0 0.810680 0.150510 0.033981 0.010204
0 0.547330 0.158163 0.031553 0.025510
0 0.449029 0.159439 0.067961 0.033163
0 0.319175 0.139031 0.041262 0.017857
0 0.987864 0.125000 0.024272 0.015306
0 0.259709 0.108418 0.087379 0.012755
0 0.614078 0.107143 0.019417 0.015306
0 0.968447 0.104592 0.048544 0.015306
0 0.148058 0.107143 0.053398 0.020408
0 0.445388 0.105867 0.050971 0.038265
0 0.360437 0.089286 0.031553 0.015306
0 0.251214 0.076531 0.031553 0.015306
0 0.491505 0.081633 0.065534 0.030612
0 0.678398 0.066327 0.050971 0.015306
0 0.052184 0.062500 0.031553 0.017857
0 0.236650 0.049745 0.050971 0.012755
0 0.344660 0.053571 0.043689 0.025510
0 0.497573 0.036990 0.029126 0.017857
0 0.452670 0.038265 0.055825 0.020408
0 0.406553 0.025510 0.021845 0.015306
0 0.246359 0.024235 0.084951 0.038265
0 0.447816 0.012755 0.055825 0.020408