0 0.174084 0.972701 0.018325 0.020115
0 0.299738 0.954023 0.039267 0.040230
0 0.214660 0.951149 0.047120 0.045977
0 0.611257 0.683908 0.044503 0.051724
0 0.562827 0.682471 0.052356 0.077586
0 0.748691 0.642241 0.020942 0.020115
0 0.672775 0.632184 0.020942 0.017241
0 0.431937 0.574713 0.026178 0.040230
0 0.318063 0.538793 0.065445 0.048851
0 0.547120 0.468391 0.020942 0.017241
0 0.527487 0.373563 0.018325 0.022989
0 0.390052 0.340517 0.020942 0.025862
0 0.371728 0.071839 0.020942 0.022989
0 0.399215 0.045977 0.034031 0.028736