0 0.777159 0.881818 0.044568 0.042424
0 0.598886 0.812121 0.055710 0.060606
0 0.356546 0.784848 0.044568 0.042424
0 0.116992 0.559091 0.133705 0.106061
0 0.143454 0.454545 0.025070 0.024242
0 0.275766 0.400000 0.016713 0.024242
0 0.579387 0.381818 0.033426 0.048485
0 0.454039 0.371212 0.044568 0.045455
0 0.307799 0.360606 0.030641 0.042424
0 0.612813 0.359091 0.038997 0.045455
0 0.206128 0.351515 0.027855 0.036364
0 0.364903 0.337879 0.038997 0.045455
0 0.828691 0.345455 0.041783 0.072727
0 0.715877 0.403030 0.128134 0.193939
0 0.664345 0.301515 0.036212 0.033333
0 0.437326 0.281818 0.033426 0.048485
0 0.143454 0.275758 0.047354 0.084848
0 0.165738 0.225758 0.025070 0.021212
0 0.494429 0.203030 0.030641 0.024242
0 0.742340 0.184848 0.030641 0.030303
0 0.181058 0.183333 0.033426 0.027273
0 0.693593 0.180303 0.055710 0.027273
0 0.587744 0.180303 0.038997 0.039394
0 0.470752 0.159091 0.016713 0.021212
0 0.399721 0.168182 0.086351 0.075758
0 0.700557 0.125758 0.019499 0.021212
0 0.576602 0.121212 0.055710 0.054545
0 0.614206 0.106061 0.036212 0.030303
0 0.513928 0.133333 0.064067 0.090909
0 0.431755 0.087879 0.061281 0.072727
0 0.186630 0.068182 0.022284 0.033333
0 0.419220 0.050000 0.019499 0.015152
0 0.144847 0.054545 0.050139 0.060606