0 0.712042 0.961003 0.026178 0.022284
0 0.637435 0.956825 0.018325 0.013928
0 0.517016 0.942897 0.023560 0.036212
0 0.482984 0.924791 0.028796 0.022284
0 0.606021 0.846797 0.028796 0.027855
0 0.468586 0.770195 0.020942 0.025070
0 0.527487 0.799443 0.107330 0.089136
0 0.613874 0.715877 0.018325 0.016713
0 0.653141 0.708914 0.023560 0.025070
0 0.628272 0.697772 0.015707 0.019499
0 0.490838 0.711699 0.039267 0.058496
0 0.526178 0.615599 0.020942 0.027855
0 0.425393 0.601671 0.023560 0.027855
0 0.485602 0.610028 0.065445 0.072423
0 0.204188 0.417827 0.020942 0.016713
0 0.218586 0.267409 0.028796 0.033426
0 0.637435 0.232591 0.023560 0.025070
0 0.212042 0.222841 0.047120 0.050139
0 0.298429 0.196379 0.031414 0.030641
0 0.503927 0.167131 0.034031 0.027855
0 0.558901 0.118384 0.044503 0.041783
0 0.414921 0.072423 0.018325 0.038997