0 0.205263 0.809659 0.031579 0.022727
0 0.126316 0.741477 0.052632 0.045455
0 0.307895 0.660511 0.026316 0.036932
0 0.485526 0.664773 0.028947 0.051136
0 0.777632 0.639205 0.023684 0.022727
0 0.560526 0.620739 0.042105 0.025568
0 0.735526 0.569602 0.028947 0.014205
0 0.702632 0.558239 0.026316 0.031250
0 0.626316 0.535511 0.042105 0.031250
0 0.927632 0.514205 0.023684 0.017045
0 0.710526 0.500000 0.042105 0.034091
0 0.946053 0.468750 0.023684 0.017045
0 0.784211 0.444602 0.026316 0.025568
0 0.409211 0.285511 0.034211 0.031250
0 0.950000 0.247159 0.089474 0.096591
0 0.488158 0.230114 0.044737 0.062500
0 0.788158 0.176136 0.039474 0.034091
0 0.747368 0.163352 0.021053 0.025568
0 0.913158 0.166193 0.036842 0.042614
0 0.585526 0.139205 0.028947 0.028409
0 0.290789 0.116477 0.023684 0.022727
0 0.851316 0.119318 0.034211 0.039773
0 0.572368 0.106534 0.023684 0.014205
0 0.318421 0.095170 0.015789 0.019886
0 0.685526 0.042614 0.039474 0.028409