0 0.359155 0.975389 0.028169 0.028497
0 0.731221 0.966321 0.030516 0.056995
0 0.401408 0.924870 0.023474 0.025907
0 0.640845 0.920984 0.037559 0.044041
0 0.211268 0.900259 0.023474 0.033679
0 0.936620 0.852332 0.023474 0.025907
0 0.525822 0.847150 0.042254 0.031088
0 0.883803 0.840674 0.021127 0.033679
0 0.914319 0.817358 0.016432 0.018135
0 0.369718 0.827720 0.035211 0.038860
0 0.431925 0.817358 0.018779 0.023316
0 0.823944 0.762953 0.037559 0.033679
0 0.906103 0.760363 0.037559 0.038860
0 0.958920 0.725389 0.039906 0.062176
0 0.785211 0.730570 0.049296 0.072539
0 0.545775 0.677461 0.035211 0.044041
0 0.225352 0.670984 0.037559 0.041451
0 0.038732 0.652850 0.025822 0.020725
0 0.799296 0.652850 0.025822 0.025907
0 0.115023 0.601036 0.051643 0.056995
0 0.436620 0.566062 0.018779 0.018135
0 0.090376 0.558290 0.035211 0.038860
0 0.075117 0.538860 0.023474 0.020725
0 0.309859 0.532383 0.018779 0.023316
0 0.742958 0.531088 0.025822 0.036269
0 0.360329 0.534974 0.058685 0.054404
0 0.239437 0.512953 0.023474 0.020725
0 0.137324 0.511658 0.025822 0.028497
0 0.434272 0.512953 0.023474 0.046632
0 0.409624 0.497409 0.021127 0.036269
0 0.958920 0.483161 0.021127 0.023316
0 0.275822 0.466321 0.063380 0.046632
0 0.933099 0.437824 0.030516 0.036269
0 0.451878 0.428756 0.035211 0.044041
0 0.895540 0.417098 0.025822 0.025907
0 0.239437 0.402850 0.023474 0.028497
0 0.015258 0.413212 0.025822 0.049223
0 0.269953 0.398964 0.023474 0.031088
0 0.410798 0.351036 0.032864 0.038860
0 0.947183 0.323834 0.039906 0.036269
0 0.521127 0.314767 0.028169 0.028497
0 0.746479 0.314767 0.046948 0.054404
0 0.211268 0.286269 0.018779 0.023316
0 0.059859 0.274611 0.021127 0.020725
0 0.091549 0.262953 0.018779 0.018135
0 0.521127 0.257772 0.018779 0.018135
0 0.274648 0.260363 0.023474 0.023316
0 0.234742 0.262953 0.023474 0.028497
0 0.733568 0.237047 0.039906 0.038860
0 0.035211 0.242228 0.032864 0.049223
0 0.548122 0.224093 0.021127 0.023316
0 0.178404 0.225389 0.023474 0.025907
0 0.132629 0.207254 0.025822 0.036269
0 0.083333 0.185233 0.021127 0.023316
0 0.842723 0.187824 0.042254 0.044041
0 0.309859 0.185233 0.042254 0.059585
0 0.738263 0.156736 0.021127 0.023316
0 0.034038 0.159326 0.025822 0.038860
0 0.610329 0.155440 0.023474 0.036269
0 0.811033 0.151554 0.035211 0.038860
0 0.703052 0.129534 0.030516 0.031088
0 0.177230 0.128238 0.021127 0.028497
0 0.122066 0.130829 0.032864 0.033679
0 0.753521 0.125648 0.023474 0.033679
0 0.289906 0.080311 0.016432 0.025907
0 0.098592 0.071244 0.018779 0.018135
0 0.179577 0.055699 0.030516 0.038860
0 0.287559 0.041451 0.016432 0.025907
0 0.397887 0.037565 0.021127 0.023316
0 0.117371 0.029793 0.018779 0.023316