0 0.957474 0.978667 0.023196 0.021333
0 0.801546 0.918667 0.061856 0.050667
0 0.920103 0.920000 0.056701 0.064000
0 0.972938 0.892000 0.018041 0.024000
0 0.577320 0.893333 0.025773 0.032000
0 0.619845 0.850667 0.028351 0.021333
0 0.719072 0.826667 0.025773 0.016000
0 0.827320 0.824000 0.030928 0.032000
0 0.784794 0.793333 0.018041 0.024000
0 0.824742 0.780000 0.036082 0.050667
0 0.817010 0.722667 0.030928 0.037333
0 0.613402 0.676000 0.020619 0.024000
0 0.466495 0.658667 0.020619 0.026667
0 0.574742 0.645333 0.020619 0.021333
0 0.523196 0.646667 0.036082 0.050667
0 0.606959 0.600000 0.028351 0.032000
0 0.505155 0.581333 0.067010 0.085333
0 0.479381 0.520000 0.025773 0.042667
0 0.376289 0.516000 0.061856 0.034667
0 0.604381 0.509333 0.028351 0.032000
0 0.614691 0.482667 0.012887 0.016000
0 0.360825 0.477333 0.030928 0.032000
0 0.065722 0.449333 0.033505 0.024000
0 0.462629 0.441333 0.018041 0.029333
0 0.488402 0.434667 0.023196 0.026667
0 0.405928 0.433333 0.028351 0.034667
0 0.582474 0.422667 0.036082 0.029333
0 0.407216 0.398667 0.025773 0.029333
0 0.811856 0.380000 0.020619 0.029333
0 0.449742 0.368000 0.018041 0.021333
0 0.936856 0.356000 0.033505 0.040000
0 0.412371 0.348000 0.046392 0.029333
0 0.582474 0.345333 0.025773 0.040000
0 0.442010 0.216000 0.033505 0.042667
0 0.442010 0.150667 0.038660 0.024000
0 0.368557 0.077333 0.041237 0.032000
0 0.390464 0.049333 0.023196 0.024000