0 0.990789 0.961333 0.013158 0.013333
0 0.423684 0.948000 0.010526 0.008000
0 0.284211 0.948000 0.010526 0.013333
0 0.152632 0.916000 0.021053 0.024000
0 0.751316 0.880000 0.013158 0.010667
0 0.905263 0.878667 0.015789 0.013333
0 0.422368 0.874667 0.013158 0.010667
0 0.986842 0.866667 0.010526 0.010667
0 0.378947 0.872000 0.021053 0.021333
0 0.740789 0.854667 0.013158 0.013333
0 0.928947 0.848000 0.015789 0.016000
0 0.801316 0.840000 0.013158 0.010667
0 0.497368 0.832000 0.010526 0.010667
0 0.025000 0.832000 0.018421 0.016000
0 0.697368 0.813333 0.010526 0.010667
0 0.836842 0.825333 0.021053 0.040000
0 0.715789 0.814667 0.021053 0.018667
0 0.303947 0.804000 0.013158 0.018667
0 0.318421 0.788000 0.010526 0.008000
0 0.927632 0.785333 0.013158 0.013333
0 0.863158 0.770667 0.015789 0.016000
0 0.526316 0.752000 0.026316 0.021333
0 0.756579 0.737333 0.018421 0.018667
0 0.434211 0.688000 0.010526 0.010667
0 0.190789 0.680000 0.013158 0.010667
0 0.971053 0.676000 0.015789 0.018667
0 0.359211 0.670667 0.013158 0.013333
0 0.930263 0.649333 0.018421 0.018667
0 0.103947 0.636000 0.018421 0.018667
0 0.964474 0.625333 0.013158 0.013333
0 0.381579 0.628000 0.015789 0.018667
0 0.201316 0.617333 0.013158 0.013333
0 0.348684 0.608000 0.013158 0.010667
0 0.832895 0.586667 0.013158 0.016000
0 0.928947 0.564000 0.015789 0.013333
0 0.335526 0.553333 0.013158 0.013333
0 0.757895 0.542667 0.010526 0.008000
0 0.853947 0.533333 0.013158 0.010667
0 0.918421 0.530667 0.010526 0.010667
0 0.652632 0.534667 0.015789 0.018667
0 0.338158 0.532000 0.013158 0.013333
0 0.661842 0.514667 0.013158 0.010667
0 0.305263 0.504000 0.015789 0.016000
0 0.127632 0.488000 0.018421 0.016000
0 0.432895 0.478667 0.013158 0.013333
0 0.243421 0.469333 0.018421 0.010667
0 0.386842 0.473333 0.031579 0.029333
0 0.989474 0.452000 0.015789 0.018667
0 0.198684 0.450667 0.018421 0.016000
0 0.044737 0.450667 0.015789 0.016000
0 0.101316 0.445333 0.023684 0.016000
0 0.239474 0.434667 0.015789 0.016000
0 0.160526 0.432000 0.015789 0.010667
0 0.961842 0.424000 0.013158 0.010667
0 0.672368 0.425333 0.013158 0.013333
0 0.592105 0.421333 0.010526 0.010667
0 0.642105 0.414667 0.015789 0.013333
0 0.259211 0.404000 0.018421 0.013333
0 0.325000 0.394667 0.018421 0.016000
0 0.294737 0.393333 0.015789 0.013333
0 0.136842 0.393333 0.015789 0.018667
0 0.959211 0.384000 0.013158 0.010667
0 0.802632 0.386667 0.021053 0.016000
0 0.432895 0.362667 0.018421 0.016000
0 0.548684 0.352000 0.013158 0.010667
0 0.107895 0.356000 0.026316 0.024000
0 0.781579 0.350667 0.021053 0.018667
0 0.253947 0.336000 0.018421 0.016000
0 0.950000 0.322667 0.015789 0.016000
0 0.885526 0.324000 0.023684 0.024000
0 0.150000 0.318667 0.015789 0.018667
0 0.202632 0.309333 0.015789 0.016000
0 0.173684 0.300000 0.015789 0.018667
0 0.697368 0.290667 0.021053 0.021333
0 0.336842 0.282667 0.015789 0.016000
0 0.635526 0.252000 0.013158 0.013333
0 0.071053 0.221333 0.010526 0.010667
0 0.798684 0.217333 0.018421 0.018667
0 0.306579 0.205333 0.013158 0.010667
0 0.581579 0.190667 0.015789 0.013333
0 0.105263 0.190667 0.015789 0.013333
0 0.703947 0.182667 0.013158 0.013333
0 0.956579 0.172000 0.013158 0.013333
0 0.743421 0.160000 0.013158 0.010667
0 0.211842 0.156000 0.018421 0.018667
0 0.759211 0.153333 0.013158 0.018667
0 0.507895 0.146667 0.010526 0.010667
0 0.663158 0.145333 0.015789 0.013333
0 0.698684 0.140000 0.013158 0.013333
0 0.853947 0.134667 0.007895 0.013333
0 0.560526 0.126667 0.015789 0.013333
0 0.447368 0.121333 0.015789 0.013333
0 0.840789 0.113333 0.018421 0.018667
0 0.723684 0.105333 0.021053 0.018667
0 0.772368 0.098667 0.018421 0.016000
0 0.656579 0.090667 0.023684 0.021333
0 0.465789 0.086667 0.015789 0.013333
0 0.075000 0.085333 0.013158 0.016000
0 0.026316 0.082667 0.015789 0.010667
0 0.559211 0.081333 0.013158 0.013333
0 0.686842 0.072000 0.015789 0.010667
0 0.705263 0.065333 0.015789 0.013333
0 0.789474 0.064000 0.015789 0.016000
0 0.422368 0.062667 0.018421 0.018667
0 0.593421 0.050667 0.013158 0.010667
0 0.202632 0.041333 0.010526 0.008000
0 0.877632 0.030667 0.013158 0.013333
0 0.957895 0.020000 0.010526 0.008000
0 0.635526 0.020000 0.013158 0.013333
0 0.346053 0.010667 0.018421 0.016000