0 0.326139 0.941606 0.019185 0.019465
0 0.245803 0.937956 0.016787 0.021898
0 0.396882 0.911192 0.011990 0.012165
0 0.434053 0.900243 0.014388 0.019465
0 0.223022 0.878345 0.033573 0.038929
0 0.267386 0.868613 0.021583 0.024331
0 0.118705 0.858881 0.031175 0.029197
0 0.574341 0.800487 0.021583 0.024331
0 0.944844 0.783455 0.014388 0.014599
0 0.010791 0.767640 0.016787 0.021898
0 0.226619 0.749392 0.016787 0.019465
0 0.142686 0.744526 0.021583 0.019465
0 0.008393 0.740876 0.011990 0.021898
0 0.811751 0.728710 0.016787 0.017032
0 0.968825 0.732360 0.023981 0.029197
0 0.601918 0.725061 0.014388 0.014599
0 0.348921 0.710462 0.026379 0.029197
0 0.016787 0.694647 0.023981 0.036496
0 0.681055 0.676399 0.023981 0.019465
0 0.901679 0.658151 0.023981 0.021898
0 0.503597 0.650852 0.014388 0.017032
0 0.850120 0.655718 0.031175 0.031630
0 0.346523 0.650852 0.021583 0.021898
0 0.127098 0.644769 0.014388 0.014599
0 0.761391 0.635036 0.026379 0.029197
0 0.145084 0.630170 0.016787 0.024331
0 0.739808 0.613139 0.026379 0.029197
0 0.860911 0.602190 0.019185 0.021898
0 0.089928 0.582725 0.021583 0.017032
0 0.494005 0.564477 0.023981 0.019465
0 0.868106 0.564477 0.023981 0.034063
0 0.531175 0.538929 0.021583 0.026764
0 0.014388 0.527981 0.014388 0.014599
0 0.883693 0.530414 0.021583 0.024331
0 0.308153 0.527981 0.021583 0.024331
0 0.390887 0.521898 0.019185 0.017032
0 0.814149 0.500000 0.021583 0.021898
0 0.267386 0.495134 0.021583 0.021898
0 0.923261 0.480535 0.014388 0.017032
0 0.869305 0.473236 0.016787 0.017032
0 0.134293 0.468370 0.023981 0.026764
0 0.362110 0.368613 0.014388 0.012165
0 0.392086 0.357664 0.011990 0.009732
0 0.377698 0.356448 0.011990 0.017032
0 0.842926 0.354015 0.021583 0.017032
0 0.654676 0.343066 0.019185 0.014599
0 0.899281 0.323601 0.019185 0.019465
0 0.282974 0.304136 0.023981 0.024331
0 0.737410 0.283455 0.021583 0.026764
0 0.254197 0.282238 0.023981 0.024331
0 0.941247 0.233577 0.016787 0.019465
0 0.467626 0.169100 0.019185 0.017032
0 0.973621 0.176399 0.028777 0.041363
0 0.219424 0.165450 0.021583 0.019465
0 0.067146 0.171533 0.028777 0.031630
0 0.382494 0.170316 0.026379 0.038929
0 0.028777 0.138686 0.023981 0.019465
0 0.115108 0.137470 0.019185 0.026764
0 0.527578 0.105839 0.019185 0.021898
0 0.073141 0.081509 0.016787 0.017032
0 0.577938 0.074209 0.019185 0.017032
0 0.424460 0.048662 0.023981 0.014599
0 0.434053 0.023114 0.028777 0.021898