0 0.558195 0.961741 0.033254 0.029024
0 0.492874 0.920844 0.021378 0.021108
0 0.066508 0.931398 0.057007 0.042216
0 0.377672 0.883905 0.023753 0.021108
0 0.118765 0.883905 0.028504 0.031662
0 0.851544 0.845646 0.045131 0.050132
0 0.057007 0.829815 0.028504 0.034301
0 0.432304 0.782322 0.023753 0.023747
0 0.019002 0.763852 0.028504 0.018470
0 0.762470 0.758575 0.028504 0.029024
0 0.115202 0.740106 0.049881 0.050132
0 0.176960 0.721636 0.030879 0.018470
0 0.769596 0.708443 0.033254 0.034301
0 0.023753 0.680739 0.023753 0.021108
0 0.350356 0.656992 0.016627 0.010554
0 0.304038 0.655673 0.028504 0.029024
0 0.163895 0.659631 0.071259 0.063325
0 0.123515 0.635884 0.033254 0.015831
0 0.918052 0.626649 0.030879 0.018470
0 0.115202 0.597625 0.026128 0.023747
0 0.935867 0.589710 0.080760 0.044855
0 0.078385 0.548813 0.023753 0.031662
0 0.106888 0.550132 0.023753 0.044855
0 0.155582 0.488127 0.026128 0.026385
0 0.143705 0.467018 0.016627 0.015831
0 0.559382 0.484169 0.059382 0.060686
0 0.084323 0.393140 0.026128 0.015831
0 0.057007 0.394459 0.028504 0.034301
0 0.415677 0.379947 0.033254 0.031662
0 0.203088 0.374670 0.026128 0.021108
0 0.156770 0.368074 0.023753 0.023747
0 0.123515 0.349604 0.023753 0.023747
0 0.504751 0.362797 0.054632 0.060686
0 0.159145 0.337731 0.023753 0.021108
0 0.916865 0.323219 0.023753 0.023747
0 0.188836 0.325858 0.054632 0.055409
0 0.160333 0.267810 0.021378 0.018470
0 0.020190 0.270449 0.030879 0.029024
0 0.509501 0.242744 0.026128 0.031662
0 0.178147 0.236148 0.019002 0.018470
0 0.579572 0.182058 0.014252 0.015831
0 0.104513 0.151715 0.014252 0.018470
0 0.524941 0.146438 0.014252 0.018470
0 0.875297 0.142480 0.016627 0.015831
0 0.034442 0.134565 0.030879 0.026385
0 0.205463 0.122691 0.030879 0.029024
0 0.263658 0.109499 0.019002 0.018470
0 0.370546 0.106860 0.028504 0.029024
0 0.058195 0.093668 0.030879 0.029024
0 0.557007 0.092348 0.049881 0.031662
0 0.174584 0.080475 0.021378 0.018470
0 0.232779 0.076517 0.033254 0.021108
0 0.190024 0.050132 0.057007 0.026385
0 0.338480 0.035620 0.026128 0.034301