0 0.202006 0.774540 0.031519 0.027607
0 0.720630 0.684049 0.031519 0.024540
0 0.607450 0.631902 0.028653 0.036810
0 0.267908 0.610429 0.037249 0.036810
0 0.234957 0.578221 0.040115 0.033742
0 0.934097 0.536810 0.034384 0.030675
0 0.967049 0.530675 0.020057 0.024540
0 0.191977 0.521472 0.022923 0.018405
0 0.467049 0.513804 0.028653 0.027607
0 0.547278 0.498466 0.022923 0.027607
0 0.136103 0.493865 0.031519 0.018405
0 0.531519 0.469325 0.025788 0.024540
0 0.133238 0.443252 0.014327 0.015337
0 0.018625 0.446319 0.014327 0.021472
0 0.457020 0.443252 0.025788 0.027607
0 0.365330 0.443252 0.031519 0.033742
0 0.325215 0.418712 0.037249 0.027607
0 0.414040 0.415644 0.025788 0.027607
0 0.318052 0.248466 0.022923 0.018405
0 0.131805 0.196319 0.057307 0.024540
0 0.951289 0.210123 0.051576 0.058282
0 0.299427 0.188650 0.048711 0.033742
0 0.094556 0.177914 0.022923 0.018405
0 0.108883 0.150307 0.022923 0.024540
0 0.207736 0.131902 0.037249 0.036810
0 0.766476 0.115031 0.025788 0.021472
0 0.785100 0.042945 0.068768 0.055215