0 0.650919 0.803371 0.026247 0.028090
0 0.570866 0.731742 0.039370 0.042135
0 0.404199 0.710674 0.020997 0.033708
0 0.367454 0.640449 0.020997 0.022472
0 0.607612 0.525281 0.023622 0.028090
0 0.404199 0.446629 0.026247 0.033708
0 0.860892 0.379213 0.026247 0.028090
0 0.813648 0.370787 0.015748 0.022472
0 0.577428 0.367978 0.036745 0.028090
0 0.895013 0.367978 0.036745 0.039326
0 0.832021 0.353933 0.036745 0.033708
0 0.793963 0.344101 0.018373 0.014045
0 0.896325 0.316011 0.023622 0.025281
0 0.910761 0.275281 0.031496 0.028090
0 0.527559 0.252809 0.026247 0.028090
0 0.208661 0.182584 0.034121 0.039326
0 0.402887 0.130618 0.023622 0.030899