0 0.775266 0.983146 0.018617 0.028090
0 0.227394 0.976124 0.039894 0.042135
0 0.091755 0.952247 0.023936 0.033708
0 0.438830 0.950843 0.021277 0.036517
0 0.031915 0.918539 0.021277 0.016854
0 0.502660 0.919944 0.021277 0.036517
0 0.821809 0.935393 0.058511 0.073034
0 0.154255 0.910112 0.037234 0.033708
0 0.416223 0.884831 0.023936 0.028090
0 0.640957 0.876404 0.026596 0.028090
0 0.242021 0.886236 0.053191 0.053371
0 0.714096 0.869382 0.018617 0.025281
0 0.375000 0.879213 0.053191 0.061798
0 0.736702 0.853933 0.015957 0.016854
0 0.388298 0.794944 0.031915 0.044944
0 0.969415 0.769663 0.034574 0.039326
0 0.815160 0.754213 0.029255 0.025281
0 0.300532 0.766854 0.101064 0.078652
0 0.466755 0.734551 0.055851 0.070225
0 0.772606 0.693820 0.045213 0.050562
0 0.033245 0.702247 0.055851 0.067416
0 0.255319 0.647472 0.058511 0.053371
0 0.500000 0.634831 0.058511 0.061798
0 0.037234 0.617978 0.037234 0.039326
0 0.738032 0.609551 0.061170 0.039326
0 0.648936 0.582865 0.015957 0.025281
0 0.590426 0.566011 0.026596 0.019663
0 0.300532 0.567416 0.031915 0.028090
0 0.505319 0.561798 0.042553 0.056180
0 0.988032 0.543539 0.023936 0.030899
0 0.081117 0.519663 0.029255 0.022472
0 0.396277 0.516854 0.021277 0.022472
0 0.067819 0.492978 0.034574 0.036517
0 0.916223 0.476124 0.045213 0.047753
0 0.764628 0.470506 0.029255 0.036517
0 0.183511 0.476124 0.079787 0.064607
0 0.103723 0.442416 0.031915 0.036517
0 0.670213 0.418539 0.026596 0.033708
0 0.180851 0.342697 0.047872 0.056180
0 0.506649 0.287921 0.034574 0.025281
0 0.800532 0.285112 0.031915 0.030899
0 0.276596 0.259831 0.026596 0.019663
0 0.214096 0.248596 0.013298 0.019663
0 0.337766 0.259831 0.031915 0.047753
0 0.638298 0.230337 0.042553 0.028090
0 0.382979 0.195225 0.031915 0.036517
0 0.565160 0.189607 0.066489 0.053371
0 0.699468 0.073034 0.031915 0.033708
0 0.950798 0.066011 0.055851 0.047753
0 0.811170 0.043539 0.037234 0.047753
0 0.856383 0.029494 0.026596 0.042135