0 0.389755 0.894855 0.035635 0.022371
0 0.535635 0.762864 0.020045 0.022371
0 0.360802 0.751678 0.031180 0.022371
0 0.885301 0.662192 0.033408 0.040268
0 0.095768 0.657718 0.040089 0.035794
0 0.428731 0.557047 0.020045 0.017897
0 0.409800 0.541387 0.013363 0.013423
0 0.907572 0.512304 0.024499 0.022371
0 0.551225 0.506711 0.015590 0.015660
0 0.488864 0.426174 0.011136 0.011186
0 0.589087 0.316555 0.020045 0.011186
0 0.853007 0.324385 0.035635 0.040268
0 0.863029 0.260626 0.024499 0.029083
0 0.140312 0.204698 0.048998 0.046980
0 0.713808 0.147651 0.046771 0.044743
0 0.954343 0.140940 0.033408 0.035794
0 0.036748 0.124161 0.024499 0.029083
0 0.139198 0.126398 0.033408 0.042506