0 0.421053 0.819242 0.055402 0.040816
0 0.465374 0.781341 0.038781 0.017493
0 0.429363 0.781341 0.027701 0.023324
0 0.386427 0.771137 0.036011 0.037901
0 0.458449 0.753644 0.013850 0.014577
0 0.465374 0.730321 0.016620 0.026239
0 0.488920 0.725948 0.024931 0.023324
0 0.434903 0.728863 0.049861 0.064140
0 0.387812 0.712828 0.038781 0.043732
0 0.331025 0.695335 0.019391 0.020408
0 0.440443 0.682216 0.016620 0.023324
0 0.418283 0.663265 0.044321 0.043732
0 0.465374 0.625364 0.016620 0.020408
0 0.358726 0.620991 0.058172 0.058309
0 0.426593 0.613703 0.055402 0.049563
0 0.500000 0.590379 0.019391 0.020408
0 0.441828 0.578717 0.013850 0.014577
0 0.678670 0.587464 0.066482 0.037901
0 0.404432 0.556851 0.022161 0.029155
0 0.319945 0.489796 0.024931 0.017493
0 0.249307 0.482507 0.060942 0.043732
0 0.578947 0.478134 0.049861 0.052478
0 0.689751 0.459184 0.022161 0.020408
0 0.777008 0.472303 0.074792 0.064140
0 0.465374 0.450437 0.022161 0.020408
0 0.635734 0.448980 0.041551 0.029155
0 0.714681 0.430029 0.044321 0.032070
0 0.271468 0.421283 0.016620 0.020408
0 0.786704 0.400875 0.088643 0.072886
0 0.530471 0.367347 0.024931 0.017493
0 0.652355 0.361516 0.019391 0.023324
0 0.470914 0.351312 0.027701 0.032070
0 0.404432 0.345481 0.022161 0.020408
0 0.596953 0.374636 0.091413 0.119534
0 0.632964 0.314869 0.030471 0.023324
0 0.362881 0.323615 0.038781 0.040816
0 0.243767 0.314869 0.027701 0.029155
0 0.404432 0.301749 0.027701 0.026239
0 0.515235 0.276968 0.049861 0.040816
0 0.452909 0.288630 0.074792 0.075802
0 0.271468 0.250729 0.110803 0.087464
0 0.562327 0.211370 0.022161 0.020408
0 0.385042 0.244898 0.049861 0.110787
0 0.308864 0.205539 0.041551 0.043732
0 0.650970 0.202624 0.060942 0.090379
0 0.239612 0.160350 0.024931 0.023324
0 0.461219 0.193878 0.168975 0.107872
0 0.279778 0.169096 0.072022 0.058309
0 0.180055 0.148688 0.044321 0.029155
0 0.167590 0.110787 0.041551 0.034985
0 0.080332 0.077259 0.016620 0.020408
0 0.214681 0.081633 0.030471 0.034985
0 0.390582 0.096210 0.105263 0.087464
0 0.020776 0.021866 0.024931 0.020408
0 0.236842 0.024781 0.041551 0.037901
0 0.065097 0.013120 0.030471 0.014577
0 0.159280 0.043732 0.102493 0.081633