0 0.309353 0.879518 0.014388 0.009639
0 0.327338 0.874699 0.011990 0.014458
0 0.273381 0.879518 0.028777 0.024096
0 0.450839 0.569880 0.033573 0.031325
0 0.392086 0.533735 0.016787 0.016867
0 0.335731 0.519277 0.033573 0.050602
0 0.376499 0.522892 0.038369 0.062651
0 0.191847 0.509639 0.052758 0.055422
0 0.943645 0.484337 0.021583 0.019277
0 0.964029 0.507229 0.062350 0.069880
0 0.242206 0.495181 0.038369 0.045783
0 0.109113 0.481928 0.035971 0.024096
0 0.146283 0.410843 0.023981 0.026506
0 0.193046 0.402410 0.045564 0.028916
0 0.103118 0.407229 0.067146 0.077108
0 0.226619 0.377108 0.040767 0.040964
0 0.293765 0.303614 0.021583 0.033735
0 0.183453 0.300000 0.021583 0.026506
0 0.225420 0.296386 0.019185 0.028916
0 0.089928 0.306024 0.050360 0.048193
0 0.113909 0.281928 0.016787 0.014458
0 0.033573 0.274699 0.028777 0.024096
0 0.315348 0.267470 0.031175 0.024096
0 0.176259 0.246988 0.016787 0.031325
0 0.249400 0.185542 0.009592 0.014458
0 0.173861 0.191566 0.045564 0.050602
0 0.225420 0.143373 0.028777 0.026506
0 0.732614 0.139759 0.031175 0.024096