0 0.919525 0.939141 0.039578 0.045346
0 0.874670 0.918854 0.023747 0.019093
0 0.364116 0.900955 0.021108 0.021480
0 0.879947 0.889021 0.044855 0.026253
0 0.650396 0.884248 0.050132 0.045346
0 0.770449 0.867542 0.015831 0.016706
0 0.120053 0.887828 0.065963 0.057279
0 0.023747 0.881862 0.036939 0.045346
0 0.709763 0.873508 0.031662 0.038186
0 0.981530 0.866348 0.036939 0.033413
0 0.798153 0.855609 0.029024 0.031026
0 0.171504 0.849642 0.047493 0.023866
0 0.127968 0.823389 0.029024 0.023866
0 0.176781 0.807876 0.015831 0.016706
0 0.332454 0.806683 0.036939 0.028640
0 0.755937 0.794749 0.029024 0.028640
0 0.381266 0.786396 0.023747 0.026253
0 0.455145 0.769690 0.018470 0.021480
0 0.546174 0.747017 0.026385 0.023866
0 0.288918 0.752983 0.044855 0.050119
0 0.372032 0.739857 0.031662 0.028640
0 0.182058 0.730310 0.015831 0.023866
0 0.610818 0.724344 0.023747 0.031026
0 0.767810 0.725537 0.042216 0.047733
0 0.393140 0.713604 0.031662 0.023866
0 0.378628 0.683771 0.029024 0.026253
0 0.329815 0.638425 0.031662 0.026253
0 0.547493 0.612172 0.034301 0.031026
0 0.777045 0.581146 0.034301 0.035800
0 0.546174 0.484487 0.036939 0.023866
0 0.577836 0.431981 0.036939 0.023866
0 0.664908 0.424821 0.042216 0.042959
0 0.784960 0.409308 0.023747 0.016706
0 0.829815 0.397375 0.023747 0.016706
0 0.931398 0.398568 0.031662 0.028640
0 0.799472 0.369928 0.021108 0.014320
0 0.674142 0.377088 0.044855 0.028640
0 0.699208 0.354415 0.026385 0.021480
0 0.804749 0.349642 0.015831 0.016706
0 0.857520 0.332936 0.026385 0.016706
0 0.787599 0.312649 0.039578 0.023866
0 0.621372 0.313842 0.029024 0.031026
0 0.667546 0.285203 0.026385 0.021480
0 0.941953 0.284010 0.036939 0.023866
0 0.127968 0.278043 0.023747 0.016706
0 0.887863 0.285203 0.065963 0.083532
0 0.766491 0.244630 0.044855 0.073986
0 0.464380 0.205251 0.026385 0.019093
0 0.836412 0.189737 0.031662 0.035800
0 0.613456 0.178998 0.023747 0.033413
0 0.613456 0.142005 0.018470 0.016706
0 0.754617 0.133652 0.015831 0.014320
0 0.790237 0.128878 0.029024 0.033413
0 0.683377 0.106205 0.021108 0.016706
0 0.932718 0.101432 0.018470 0.016706
0 0.860158 0.120525 0.084433 0.059666
0 0.737467 0.091885 0.044855 0.026253
0 0.868074 0.073986 0.031662 0.028640
0 0.820580 0.062053 0.021108 0.023866
0 0.274406 0.056086 0.036939 0.026253
0 0.755937 0.020286 0.018470 0.021480