0 0.449128 0.917790 0.043605 0.040431
0 0.800872 0.784367 0.043605 0.053908
0 0.415698 0.777628 0.087209 0.056604
0 0.312500 0.799191 0.101744 0.121294
0 0.552326 0.757412 0.186047 0.150943
0 0.456395 0.687332 0.058140 0.070081
0 0.283430 0.644205 0.061047 0.021563
0 0.235465 0.676550 0.087209 0.113208
0 0.636628 0.623989 0.075581 0.061995
0 0.521802 0.646900 0.072674 0.107817
0 0.065407 0.603774 0.037791 0.032345
0 0.297965 0.561995 0.072674 0.083558
0 0.364826 0.433962 0.055233 0.075472
0 0.748547 0.400270 0.037791 0.024259
0 0.472384 0.407008 0.084302 0.102426
0 0.264535 0.334232 0.029070 0.026954
0 0.734012 0.301887 0.026163 0.026954
0 0.370640 0.295148 0.066860 0.040431
0 0.484012 0.274933 0.037791 0.032345