0 0.204545 0.618541 0.045455 0.039514
0 0.573864 0.592705 0.034091 0.036474
0 0.778409 0.525836 0.028409 0.042553
0 0.590909 0.518237 0.028409 0.033435
0 0.066761 0.507599 0.071023 0.060790
0 0.464489 0.486322 0.031250 0.030395
0 0.343750 0.496960 0.034091 0.051672
0 0.399148 0.472644 0.019886 0.021277
0 0.375000 0.480243 0.022727 0.036474
0 0.839489 0.446809 0.036932 0.054711
0 0.673295 0.495441 0.119318 0.164134
0 0.872159 0.462006 0.062500 0.115502
0 0.390625 0.399696 0.019886 0.027356
0 0.798295 0.407295 0.039773 0.060790
0 0.643466 0.386018 0.042614 0.054711
0 0.728693 0.369301 0.042614 0.063830
0 0.691761 0.322188 0.059659 0.036474