0 0.957077 0.942130 0.034803 0.027778
0 0.440835 0.909722 0.055684 0.050926
0 0.796984 0.854167 0.104408 0.083333
0 0.402552 0.810185 0.048724 0.037037
0 0.873550 0.814815 0.039443 0.050926
0 0.975638 0.802083 0.044084 0.030093
0 0.976798 0.762731 0.032483 0.034722
0 0.189095 0.696759 0.048724 0.037037
0 0.082367 0.665509 0.067285 0.053241
0 0.874710 0.587963 0.041763 0.032407
0 0.748260 0.556713 0.044084 0.034722
0 0.707657 0.501157 0.064965 0.043981
0 0.796984 0.498843 0.081206 0.057870
0 0.301624 0.500000 0.074246 0.060185
0 0.169374 0.417824 0.116009 0.071759
0 0.651972 0.396991 0.102088 0.071759
0 0.431555 0.380787 0.097448 0.090278
0 0.341067 0.243056 0.060325 0.032407
0 0.508121 0.252315 0.069606 0.064815
0 0.558005 0.141204 0.095128 0.087963