0 0.492236 0.835017 0.027950 0.047138
0 0.535714 0.782828 0.027950 0.043771
0 0.574534 0.767677 0.024845 0.033670
0 0.819876 0.776094 0.024845 0.063973
0 0.784161 0.744108 0.034161 0.053872
0 0.546584 0.728956 0.043478 0.043771
0 0.512422 0.712121 0.012422 0.037037
0 0.641304 0.700337 0.027950 0.040404
0 0.318323 0.675084 0.040373 0.037037
0 0.535714 0.668350 0.015528 0.037037
0 0.667702 0.668350 0.037267 0.057239
0 0.604037 0.646465 0.071429 0.067340
0 0.338509 0.639731 0.024845 0.053872
0 0.551242 0.622896 0.027950 0.026936
0 0.364907 0.580808 0.027950 0.057239
0 0.545031 0.570707 0.046584 0.050505
0 0.417702 0.547138 0.065217 0.030303
0 0.517081 0.521886 0.046584 0.060606
0 0.473602 0.501684 0.015528 0.020202
0 0.354037 0.506734 0.018634 0.030303
0 0.819876 0.500000 0.024845 0.030303
0 0.498447 0.486532 0.027950 0.023569
0 0.321429 0.500000 0.027950 0.050505
0 0.880435 0.481481 0.021739 0.033670
0 0.386646 0.478114 0.034161 0.026936
0 0.841615 0.481481 0.024845 0.040404
0 0.267081 0.457912 0.018634 0.033670
0 0.641304 0.447811 0.021739 0.026936
0 0.875776 0.432660 0.031056 0.023569
0 0.336957 0.441077 0.027950 0.040404
0 0.621118 0.405724 0.024845 0.023569
0 0.866460 0.404040 0.043478 0.026936
0 0.440994 0.385522 0.024845 0.023569
0 0.194099 0.294613 0.040373 0.057239
0 0.614907 0.254209 0.031056 0.043771
0 0.754658 0.163300 0.024845 0.016835
0 0.712733 0.148148 0.021739 0.020202
0 0.680124 0.143098 0.024845 0.016835
0 0.541925 0.131313 0.027950 0.040404