0 0.066197 0.802023 0.019718 0.020231
0 0.392958 0.789017 0.019718 0.017341
0 0.376056 0.761561 0.019718 0.020231
0 0.057746 0.752890 0.025352 0.020231
0 0.119718 0.692197 0.019718 0.014451
0 0.457746 0.660405 0.014085 0.014451
0 0.085915 0.663295 0.019718 0.020231
0 0.185915 0.651734 0.016901 0.014451
0 0.943662 0.653179 0.022535 0.023121
0 0.400000 0.644509 0.016901 0.023121
0 0.567606 0.641618 0.025352 0.023121
0 0.691549 0.606936 0.019718 0.017341
0 0.487324 0.585260 0.022535 0.026012
0 0.032394 0.420520 0.019718 0.020231
0 0.981690 0.319364 0.019718 0.014451
0 0.692958 0.250000 0.022535 0.026012
0 0.112676 0.182081 0.033803 0.034682
0 0.440845 0.170520 0.036620 0.023121
0 0.016901 0.163295 0.016901 0.014451
0 0.752113 0.150289 0.033803 0.040462
0 0.628169 0.109827 0.022535 0.023121
0 0.795775 0.104046 0.025352 0.023121
0 0.149296 0.096821 0.016901 0.026012
0 0.729577 0.072254 0.016901 0.017341
0 0.076056 0.070809 0.022535 0.031792