0 0.806425 0.815287 0.018122 0.019108
0 0.683690 0.746815 0.013180 0.012739
0 0.249588 0.721338 0.021417 0.015924
0 0.514827 0.722930 0.024712 0.022293
0 0.217463 0.708599 0.016474 0.015924
0 0.536244 0.699841 0.021417 0.017516
0 0.233114 0.671975 0.021417 0.025478
0 0.272652 0.644108 0.028007 0.027070
0 0.499176 0.546178 0.019769 0.015924
0 0.424217 0.488854 0.021417 0.015924
0 0.486820 0.486465 0.024712 0.020701
0 0.443163 0.479299 0.023064 0.015924
0 0.552718 0.445064 0.011532 0.011146
0 0.509061 0.426752 0.026359 0.025478
0 0.460461 0.426752 0.051071 0.044586
0 0.569193 0.408439 0.014827 0.014331
0 0.498353 0.398885 0.034596 0.027070
0 0.521417 0.363057 0.014827 0.015924