0 0.060606 0.956772 0.027548 0.023055
0 0.028926 0.940922 0.030303 0.031700
0 0.297521 0.916427 0.022039 0.023055
0 0.038567 0.902017 0.011019 0.011527
0 0.214876 0.891931 0.016529 0.014409
0 0.061983 0.897695 0.030303 0.025937
0 0.191460 0.855908 0.013774 0.011527
0 0.231405 0.855908 0.027548 0.034582
0 0.081267 0.853026 0.035813 0.034582
0 0.253444 0.817003 0.033058 0.031700
0 0.126722 0.805476 0.022039 0.025937
0 0.932507 0.613833 0.035813 0.034582
0 0.977961 0.605187 0.027548 0.040346
0 0.749311 0.589337 0.033058 0.060519
0 0.936639 0.553314 0.027548 0.040346
0 0.805785 0.533141 0.035813 0.023055
0 0.862259 0.485591 0.027548 0.031700