0 0.196860 0.945813 0.041063 0.044335
0 0.140097 0.931034 0.014493 0.014778
0 0.450483 0.915025 0.021739 0.017241
0 0.753623 0.859606 0.024155 0.014778
0 0.150966 0.843596 0.026570 0.022167
0 0.048309 0.839901 0.028986 0.019704
0 0.239130 0.809113 0.019324 0.022167
0 0.301932 0.774631 0.038647 0.032020
0 0.092995 0.762315 0.016908 0.017241
0 0.149758 0.758621 0.033816 0.019704
0 0.169082 0.735222 0.019324 0.022167
0 0.053140 0.740148 0.028986 0.032020
0 0.138889 0.720443 0.026570 0.022167
0 0.904589 0.717980 0.012077 0.022167
0 0.105072 0.713054 0.026570 0.027094
0 0.013285 0.703202 0.021739 0.022167
0 0.374396 0.699507 0.043478 0.034483
0 0.129227 0.683498 0.031401 0.027094
0 0.497585 0.631773 0.019324 0.012315
0 0.118357 0.580049 0.028986 0.022167
0 0.679952 0.576355 0.045894 0.034483
0 0.974638 0.557882 0.031401 0.022167
0 0.198068 0.543103 0.019324 0.022167
0 0.338164 0.533251 0.024155 0.022167
0 0.297101 0.524631 0.033816 0.029557
0 0.020531 0.482759 0.031401 0.019704
0 0.390097 0.474138 0.021739 0.017241
0 0.153382 0.443350 0.026570 0.019704
0 0.103865 0.431034 0.028986 0.029557
0 0.990338 0.418719 0.019324 0.014778
0 0.187198 0.405172 0.021739 0.022167
0 0.713768 0.397783 0.016908 0.012315
0 0.287440 0.392857 0.024155 0.032020
0 0.219807 0.406404 0.072464 0.078818
0 0.123188 0.380542 0.106280 0.061576
0 0.195652 0.354680 0.024155 0.019704
0 0.931159 0.336207 0.026570 0.022167
0 0.135266 0.280788 0.091787 0.078818
0 0.160628 0.224138 0.045894 0.029557
0 0.838164 0.238916 0.043478 0.064039
0 0.880435 0.162562 0.070048 0.064039
0 0.902174 0.131773 0.021739 0.012315
0 0.659420 0.136700 0.038647 0.027094
0 0.619565 0.087438 0.041063 0.027094
0 0.666667 0.081281 0.028986 0.024631
0 0.954106 0.078818 0.038647 0.034483
0 0.865942 0.029557 0.021739 0.019704