0 0.696262 0.960227 0.023364 0.025000
0 0.794393 0.900000 0.018692 0.013636
0 0.477804 0.885227 0.021028 0.025000
0 0.788551 0.880682 0.030374 0.020455
0 0.408879 0.806818 0.065421 0.072727
0 0.425234 0.775000 0.018692 0.022727
0 0.089953 0.477273 0.021028 0.022727
0 0.029206 0.460227 0.025701 0.020455
0 0.025701 0.438636 0.018692 0.018182
0 0.056075 0.445455 0.037383 0.045455
0 0.221963 0.427273 0.018692 0.018182
0 0.161215 0.387500 0.018692 0.015909
0 0.293224 0.384091 0.021028 0.018182
0 0.480140 0.273864 0.016355 0.015909
0 0.296729 0.263636 0.014019 0.013636
0 0.613318 0.229545 0.016355 0.013636
0 0.489486 0.162500 0.044393 0.047727
0 0.551402 0.106818 0.028037 0.027273
0 0.593458 0.080682 0.093458 0.097727
0 0.575935 0.028409 0.016355 0.015909