0 0.349015 0.976987 0.028446 0.020921
0 0.489059 0.967573 0.010941 0.010460
0 0.214442 0.963389 0.021882 0.018828
0 0.580963 0.955021 0.010941 0.014644
0 0.519694 0.953975 0.015317 0.012552
0 0.422319 0.965481 0.026258 0.035565
0 0.812910 0.950837 0.019694 0.014644
0 0.572210 0.937238 0.019694 0.016736
0 0.491247 0.929916 0.010941 0.010460
0 0.330416 0.937238 0.021882 0.025105
0 0.877462 0.935146 0.035011 0.025105
0 0.892779 0.913180 0.021882 0.027197
0 0.067834 0.908996 0.030635 0.023013
0 0.768053 0.904812 0.021882 0.018828
0 0.950766 0.896444 0.032823 0.031381
0 0.582057 0.892259 0.017505 0.023013
0 0.338074 0.887029 0.028446 0.025105
0 0.645514 0.877615 0.026258 0.018828
0 0.520788 0.871339 0.013129 0.010460
0 0.560175 0.868201 0.021882 0.020921
0 0.810722 0.855649 0.015317 0.012552
0 0.785558 0.838912 0.013129 0.012552
0 0.806346 0.835774 0.015317 0.014644
0 0.598468 0.826360 0.015317 0.012552
0 0.305252 0.814854 0.032823 0.018828
0 0.475930 0.816946 0.041575 0.027197
0 0.816193 0.798117 0.026258 0.023013
0 0.477024 0.781381 0.017505 0.014644
0 0.571116 0.752092 0.026258 0.014644
0 0.881838 0.739540 0.013129 0.014644
0 0.537199 0.738494 0.024070 0.016736
0 0.926696 0.743724 0.037199 0.031381
0 0.165208 0.736402 0.028446 0.016736
0 0.131291 0.676778 0.026258 0.023013
0 0.538293 0.665272 0.021882 0.016736
0 0.281182 0.663180 0.019694 0.020921
0 0.901532 0.661088 0.026258 0.025105
0 0.876368 0.641213 0.024070 0.018828
0 0.812910 0.639121 0.019694 0.014644
0 0.818381 0.612971 0.017505 0.012552
0 0.699125 0.611925 0.015317 0.014644
0 0.760394 0.587866 0.028446 0.029289
0 0.474836 0.559623 0.013129 0.027197
0 0.068928 0.534519 0.015317 0.014644
0 0.229759 0.526151 0.017505 0.014644
0 0.873085 0.525105 0.017505 0.020921
0 0.669584 0.472803 0.021882 0.016736
0 0.520788 0.471757 0.052516 0.031381
0 0.866521 0.467573 0.026258 0.031381
0 0.617068 0.460251 0.021882 0.016736
0 0.794311 0.441423 0.013129 0.012552
0 0.903720 0.405858 0.021882 0.016736
0 0.694748 0.404812 0.019694 0.014644
0 0.766958 0.380753 0.024070 0.020921
0 0.975930 0.378661 0.030635 0.029289
0 0.411379 0.371339 0.030635 0.023013
0 0.738512 0.362971 0.024070 0.023013
0 0.483589 0.356695 0.021882 0.018828
0 0.654267 0.350418 0.026258 0.018828
0 0.293217 0.348326 0.030635 0.023013
0 0.969365 0.343096 0.021882 0.016736
0 0.911379 0.344142 0.024070 0.023013
0 0.500000 0.315900 0.019694 0.020921
0 0.431072 0.311715 0.026258 0.020921
0 0.552516 0.335774 0.067834 0.073222
0 0.496718 0.294979 0.017505 0.012552
0 0.812910 0.290795 0.019694 0.016736
0 0.637856 0.305439 0.028446 0.046025
0 0.575492 0.278243 0.035011 0.033473
0 0.758206 0.253138 0.024070 0.020921
0 0.664114 0.211297 0.024070 0.016736
0 0.928884 0.203975 0.024070 0.023013
0 0.956236 0.152720 0.021882 0.025105
0 0.235230 0.110879 0.024070 0.025105
0 0.100656 0.103556 0.013129 0.014644
0 0.311816 0.097280 0.015317 0.014644
0 0.349015 0.102510 0.024070 0.029289
0 0.774617 0.072176 0.017505 0.018828
0 0.288840 0.042887 0.021882 0.018828