0 0.519362 0.922434 0.022779 0.021480
0 0.466970 0.836516 0.022779 0.021480
0 0.620729 0.673031 0.034169 0.019093
0 0.533030 0.673031 0.036446 0.038186
0 0.823462 0.633652 0.015945 0.016706
0 0.796128 0.637232 0.029613 0.028640
0 0.652620 0.600239 0.056948 0.050119
0 0.613895 0.585919 0.025057 0.021480
0 0.898633 0.522673 0.025057 0.019093
0 0.669704 0.513126 0.063781 0.042959
0 0.958998 0.507160 0.022779 0.035800
0 0.915718 0.491647 0.022779 0.023866
0 0.886105 0.479714 0.022779 0.019093
0 0.708428 0.476134 0.036446 0.035800
0 0.788155 0.457041 0.022779 0.016706
0 0.625285 0.447494 0.029613 0.026253
0 0.742597 0.206444 0.027335 0.021480
0 0.699317 0.178998 0.031891 0.028640
0 0.052392 0.161098 0.031891 0.021480
0 0.638952 0.151551 0.034169 0.031026
0 0.076310 0.127685 0.025057 0.021480
0 0.597950 0.066826 0.020501 0.019093