0 0.500000 0.978979 0.020772 0.030030
0 0.808605 0.942943 0.020772 0.036036
0 0.292285 0.918919 0.026706 0.024024
0 0.032641 0.851351 0.047478 0.045045
0 0.096439 0.843844 0.038576 0.048048
0 0.600890 0.747748 0.038576 0.018018
0 0.661721 0.719219 0.029674 0.033033
0 0.062315 0.710210 0.029674 0.021021
0 0.820475 0.704204 0.020772 0.021021
0 0.701780 0.698198 0.038576 0.021021
0 0.814540 0.669670 0.050445 0.048048
0 0.942136 0.653153 0.032641 0.033033
0 0.189911 0.648649 0.047478 0.036036
0 0.851632 0.636637 0.023739 0.018018
0 0.047478 0.636637 0.017804 0.018018
0 0.013353 0.632132 0.014837 0.021021
0 0.532641 0.632132 0.044510 0.033033
0 0.271513 0.624625 0.026706 0.018018
0 0.235905 0.617117 0.026706 0.039039
0 0.817507 0.608108 0.020772 0.027027
0 0.133531 0.603604 0.017804 0.018018
0 0.090504 0.584084 0.020772 0.021021
0 0.320475 0.581081 0.023739 0.027027
0 0.181009 0.572072 0.011869 0.021021
0 0.244807 0.563063 0.020772 0.021021
0 0.342730 0.555556 0.032641 0.030030
0 0.749258 0.543544 0.032641 0.024024
0 0.250742 0.540541 0.020772 0.018018
0 0.689911 0.527027 0.032641 0.027027
0 0.077151 0.531532 0.035608 0.036036
0 0.136499 0.453453 0.029674 0.024024
0 0.433234 0.460961 0.041543 0.045045
0 0.376855 0.459459 0.035608 0.042042
0 0.517804 0.400901 0.032641 0.027027
0 0.370920 0.345345 0.017804 0.030030
0 0.456973 0.328829 0.029674 0.027027
0 0.632047 0.280781 0.035608 0.051051
0 0.660237 0.249249 0.026706 0.030030
0 0.176558 0.243243 0.020772 0.030030
0 0.597923 0.223724 0.056380 0.063063
0 0.477745 0.217718 0.059347 0.063063
0 0.784866 0.195195 0.038576 0.042042
0 0.728487 0.174174 0.014837 0.018018
0 0.630564 0.180180 0.038576 0.048048
0 0.548961 0.165165 0.029674 0.048048
0 0.283383 0.150150 0.032641 0.048048
0 0.486647 0.148649 0.047478 0.063063
0 0.152819 0.102102 0.038576 0.042042
0 0.090504 0.043544 0.062315 0.057057
0 0.198813 0.036036 0.041543 0.048048