0 0.267380 0.952722 0.042781 0.025788
0 0.561497 0.926934 0.042781 0.037249
0 0.239305 0.875358 0.029412 0.025788
0 0.209893 0.868195 0.024064 0.022923
0 0.740642 0.848138 0.026738 0.028653
0 0.635027 0.833811 0.045455 0.040115
0 0.185829 0.820917 0.029412 0.020057
0 0.383690 0.828080 0.072193 0.051576
0 0.248663 0.829513 0.053476 0.065903
0 0.286096 0.799427 0.016043 0.017192
0 0.181818 0.780802 0.042781 0.048711
0 0.562834 0.737822 0.024064 0.020057
0 0.505348 0.742120 0.037433 0.028653
0 0.397059 0.710602 0.072193 0.074499
0 0.934492 0.667622 0.093583 0.080229
0 0.822193 0.614613 0.050802 0.054441
0 0.812834 0.507163 0.037433 0.034384
0 0.697861 0.383954 0.042781 0.022923
0 0.469251 0.336676 0.040107 0.037249
0 0.410428 0.339542 0.082888 0.071633
0 0.442513 0.285100 0.040107 0.048711
0 0.272727 0.269341 0.026738 0.022923
0 0.770053 0.266476 0.053476 0.045845
0 0.854278 0.246418 0.050802 0.051576
0 0.794118 0.196275 0.048128 0.042980
0 0.183155 0.116046 0.050802 0.048711