0 0.036627 0.960420 0.018739 0.014540
0 0.097956 0.949919 0.022147 0.012924
0 0.219761 0.911955 0.017036 0.011309
0 0.474446 0.915186 0.022147 0.021002
0 0.819421 0.873990 0.030664 0.019386
0 0.327939 0.864297 0.028961 0.016155
0 0.799830 0.853796 0.025554 0.017771
0 0.141397 0.834410 0.023850 0.017771
0 0.175468 0.801292 0.034072 0.025848
0 0.423339 0.788368 0.015332 0.012924
0 0.091993 0.788368 0.030664 0.035541
0 0.551959 0.777060 0.027257 0.019386
0 0.281942 0.741519 0.022147 0.009693
0 0.799830 0.700323 0.045997 0.050081
0 0.179727 0.667205 0.022147 0.012924
0 0.481261 0.600969 0.018739 0.012924
0 0.708688 0.571890 0.020443 0.012924
0 0.333049 0.567044 0.025554 0.022617
0 0.891823 0.559774 0.018739 0.021002
0 0.810903 0.557351 0.030664 0.016155
0 0.848382 0.525848 0.013629 0.014540
0 0.636286 0.498384 0.025554 0.014540
0 0.691652 0.495961 0.013629 0.012924
0 0.546848 0.495961 0.020443 0.019386
0 0.729131 0.478998 0.017036 0.011309
0 0.800681 0.473344 0.013629 0.012924
0 0.247019 0.429725 0.030664 0.019386
0 0.690801 0.349758 0.028961 0.017771
0 0.304089 0.343296 0.022147 0.017771
0 0.742760 0.340872 0.023850 0.022617
0 0.954003 0.337641 0.030664 0.022617
0 0.559625 0.327141 0.015332 0.011309
0 0.074957 0.268982 0.017036 0.021002
0 0.433560 0.259289 0.015332 0.017771
0 0.728279 0.251212 0.018739 0.014540
0 0.233390 0.212439 0.023850 0.021002
0 0.338160 0.203554 0.022147 0.016155
0 0.814310 0.193053 0.017036 0.021002
0 0.684838 0.155897 0.013629 0.011309
0 0.607325 0.153473 0.025554 0.012924
0 0.800681 0.151050 0.023850 0.014540
0 0.056218 0.159935 0.037479 0.035541
0 0.209540 0.122779 0.027257 0.019386
0 0.286201 0.116317 0.020443 0.016155
0 0.126917 0.079968 0.018739 0.017771
0 0.049404 0.076737 0.027257 0.014540
0 0.327087 0.058966 0.023850 0.017771
0 0.401193 0.050081 0.015332 0.012924