0 0.474596 0.630682 0.066975 0.079545
0 0.279446 0.576136 0.046189 0.043182
0 0.569284 0.580682 0.053118 0.106818
0 0.321016 0.525000 0.041570 0.036364
0 0.390300 0.515909 0.046189 0.036364
0 0.476905 0.487500 0.053118 0.084091
0 0.612009 0.489773 0.073903 0.097727
0 0.852194 0.451136 0.087760 0.102273
0 0.252887 0.438636 0.122402 0.109091
0 0.697460 0.392045 0.041570 0.047727
0 0.483834 0.377273 0.048499 0.059091
0 0.368360 0.370455 0.094688 0.104545
0 0.770208 0.332955 0.090069 0.111364
0 0.890300 0.322727 0.076212 0.104545
0 0.416859 0.239773 0.053118 0.065909
0 0.539261 0.227273 0.117783 0.168182
0 0.755196 0.154545 0.032333 0.045455
0 0.494226 0.164773 0.096998 0.120455
0 0.578522 0.104545 0.043880 0.045455
0 0.534642 0.050000 0.099307 0.095455