0 0.367435 0.972059 0.043228 0.038235
0 0.512968 0.938235 0.040346 0.041176
0 0.296830 0.885294 0.040346 0.035294
0 0.229107 0.889706 0.066282 0.067647
0 0.757925 0.848529 0.046110 0.038235
0 0.636888 0.844118 0.028818 0.029412
0 0.664265 0.832353 0.025937 0.023529
0 0.819885 0.832353 0.048991 0.041176
0 0.727666 0.805882 0.025937 0.023529
0 0.500000 0.810294 0.037464 0.038235
0 0.142651 0.795588 0.043228 0.032353
0 0.472622 0.770588 0.046110 0.041176
0 0.390490 0.786765 0.060519 0.091176
0 0.530259 0.747059 0.023055 0.029412
0 0.619597 0.739706 0.028818 0.026471
0 0.255043 0.741176 0.077810 0.064706
0 0.638329 0.691176 0.025937 0.035294
0 0.548991 0.686765 0.031700 0.026471
0 0.322767 0.679412 0.028818 0.029412
0 0.187320 0.700000 0.057637 0.070588
0 0.706052 0.694118 0.051873 0.064706
0 0.593660 0.636765 0.034582 0.055882
0 0.221902 0.602941 0.046110 0.029412
0 0.469741 0.597059 0.046110 0.047059
0 0.510086 0.632353 0.086455 0.123529
0 0.508646 0.563235 0.020173 0.020588
0 0.389049 0.551471 0.051873 0.044118
0 0.975504 0.525000 0.025937 0.020588
0 0.429395 0.525000 0.034582 0.032353
0 0.724784 0.516176 0.037464 0.020588
0 0.579251 0.520588 0.051873 0.029412
0 0.684438 0.516176 0.031700 0.026471
0 0.301153 0.530882 0.060519 0.073529
0 0.775216 0.501471 0.017291 0.026471
0 0.723343 0.492647 0.023055 0.020588
0 0.936599 0.483824 0.017291 0.014706
0 0.466859 0.498529 0.109510 0.091176
0 0.312680 0.451471 0.048991 0.050000
0 0.082133 0.430882 0.037464 0.038235
0 0.806916 0.417647 0.023055 0.029412
0 0.443804 0.394118 0.040346 0.029412
0 0.020173 0.391176 0.028818 0.023529
0 0.314121 0.382353 0.034582 0.023529
0 0.400576 0.376471 0.028818 0.029412
0 0.353026 0.370588 0.037464 0.029412
0 0.273775 0.363235 0.034582 0.032353
0 0.528818 0.354412 0.025937 0.026471
0 0.036023 0.339706 0.031700 0.038235
0 0.368876 0.323529 0.034582 0.041176
0 0.288184 0.327941 0.063401 0.067647
0 0.269452 0.267647 0.025937 0.035294
0 0.312680 0.252941 0.037464 0.029412
0 0.273775 0.186765 0.051873 0.050000
0 0.334294 0.169118 0.040346 0.044118
0 0.613833 0.145588 0.028818 0.032353
0 0.151297 0.127941 0.025937 0.026471
0 0.244957 0.126471 0.028818 0.029412
0 0.200288 0.117647 0.025937 0.029412
0 0.840058 0.080882 0.020173 0.020588
0 0.278098 0.086765 0.043228 0.055882
0 0.230548 0.073529 0.028818 0.029412
0 0.353026 0.063235 0.054755 0.061765
0 0.550432 0.033824 0.023055 0.020588