0 0.057181 0.971347 0.045213 0.028653
0 0.188830 0.858166 0.037234 0.054441
0 0.271277 0.825215 0.031915 0.034384
0 0.207447 0.790831 0.037234 0.051576
0 0.184840 0.733524 0.055851 0.068768
0 0.144947 0.564470 0.061170 0.057307
0 0.500000 0.527221 0.026596 0.022923
0 0.844415 0.482808 0.023936 0.020057
0 0.812500 0.469914 0.034574 0.063037
0 0.013298 0.424069 0.021277 0.022923
0 0.611702 0.432665 0.047872 0.051576
0 0.696809 0.366762 0.015957 0.022923
0 0.791223 0.340974 0.050532 0.045845
0 0.691489 0.285100 0.037234 0.031519
0 0.248670 0.176218 0.045213 0.060172
0 0.884309 0.143266 0.018617 0.028653
0 0.468085 0.127507 0.015957 0.020057
0 0.710106 0.055874 0.053191 0.060172