0 0.759494 0.885246 0.020253 0.016393
0 0.432911 0.853825 0.045570 0.035519
0 0.377215 0.831967 0.030380 0.035519
0 0.468354 0.799180 0.025316 0.035519
0 0.337975 0.769126 0.027848 0.030055
0 0.367089 0.747268 0.065823 0.079235
0 0.479747 0.715847 0.022785 0.021858
0 0.381013 0.713115 0.022785 0.021858
0 0.560759 0.693989 0.032911 0.021858
0 0.382278 0.669399 0.050633 0.038251
0 0.351899 0.635246 0.020253 0.030055
0 0.386076 0.620219 0.022785 0.016393
0 0.541772 0.624317 0.055696 0.057377
0 0.306329 0.605191 0.015190 0.019126
0 0.492405 0.603825 0.037975 0.027322
0 0.424051 0.596995 0.017722 0.013661
0 0.388608 0.584699 0.017722 0.027322
0 0.503797 0.565574 0.045570 0.027322
0 0.364557 0.546448 0.060759 0.043716
0 0.427848 0.531421 0.040506 0.062842
0 0.270886 0.502732 0.045570 0.043716
0 0.243038 0.439891 0.030380 0.027322
0 0.465823 0.431694 0.020253 0.032787
0 0.630380 0.378415 0.015190 0.024590
0 0.500000 0.327869 0.012658 0.016393
0 0.102532 0.277322 0.017722 0.035519
0 0.140506 0.263661 0.022785 0.013661
0 0.286076 0.203552 0.020253 0.030055
0 0.349367 0.189891 0.020253 0.030055
0 0.810127 0.151639 0.065823 0.040984
0 0.983544 0.139344 0.022785 0.021858
0 0.868354 0.144809 0.081013 0.092896
0 0.888608 0.106557 0.025316 0.021858
0 0.264557 0.106557 0.017722 0.021858
0 0.811392 0.096995 0.017722 0.024590
0 0.743038 0.083333 0.032911 0.024590
0 0.712658 0.069672 0.012658 0.019126
0 0.977215 0.062842 0.025316 0.027322
0 0.482278 0.051913 0.017722 0.016393