0 0.149148 0.938920 0.025568 0.031250
0 0.375000 0.906250 0.022727 0.017045
0 0.241477 0.876420 0.034091 0.036932
0 0.193182 0.806818 0.017045 0.017045
0 0.151989 0.772727 0.025568 0.028409
0 0.069602 0.774148 0.036932 0.042614
0 0.511364 0.711648 0.028409 0.042614
0 0.944602 0.653409 0.053977 0.028409
0 0.267045 0.605114 0.051136 0.045455
0 0.953125 0.465909 0.031250 0.034091
0 0.626420 0.386364 0.036932 0.034091
0 0.268466 0.333807 0.025568 0.025568
0 0.125000 0.315341 0.028409 0.028409
0 0.309659 0.301136 0.051136 0.045455
0 0.796875 0.176136 0.019886 0.022727
0 0.987216 0.150568 0.019886 0.017045
0 0.044034 0.146307 0.019886 0.019886
0 0.910511 0.130682 0.014205 0.028409
0 0.596591 0.092330 0.017045 0.019886
0 0.867898 0.076705 0.031250 0.039773
0 0.569602 0.049716 0.031250 0.036932