0 0.959064 0.956061 0.070175 0.063636
0 0.475146 0.792424 0.049708 0.063636
0 0.508772 0.742424 0.040936 0.048485
0 0.494152 0.675758 0.040936 0.036364
0 0.643275 0.657576 0.023392 0.030303
0 0.466374 0.630303 0.020468 0.024242
0 0.290936 0.518182 0.032164 0.024242
0 0.916667 0.518182 0.026316 0.036364
0 0.558480 0.534848 0.116959 0.081818
0 0.912281 0.478788 0.017544 0.012121
0 0.277778 0.472727 0.023392 0.030303
0 0.266082 0.422727 0.070175 0.039394
0 0.141813 0.289394 0.055556 0.045455
0 0.880117 0.262121 0.017544 0.027273
0 0.476608 0.233333 0.046784 0.042424
0 0.070175 0.233333 0.035088 0.042424
0 0.605263 0.193939 0.040936 0.036364
0 0.459064 0.137879 0.046784 0.045455
0 0.576023 0.024242 0.040936 0.036364