0 0.709524 0.909449 0.028571 0.034121
0 0.550000 0.841207 0.033333 0.023622
0 0.880952 0.674541 0.042857 0.068241
0 0.309524 0.652231 0.028571 0.028871
0 0.259524 0.574803 0.023810 0.026247
0 0.772619 0.561680 0.030952 0.026247
0 0.203571 0.528871 0.026190 0.023622
0 0.710714 0.515748 0.035714 0.034121
0 0.559524 0.510499 0.033333 0.034121
0 0.332143 0.473753 0.030952 0.039370
0 0.385714 0.464567 0.047619 0.052493
0 0.673810 0.456693 0.047619 0.047244
0 0.428571 0.417323 0.023810 0.026247
0 0.791667 0.417323 0.021429 0.036745
0 0.452381 0.402887 0.023810 0.028871
0 0.398810 0.393701 0.035714 0.047244
0 0.483333 0.192913 0.038095 0.044619
0 0.058333 0.064304 0.030952 0.018373