0 0.695225 0.913174 0.036517 0.041916
0 0.563202 0.872754 0.036517 0.038922
0 0.258427 0.760479 0.022472 0.035928
0 0.261236 0.712575 0.028090 0.041916
0 0.953652 0.637725 0.014045 0.023952
0 0.648876 0.556886 0.022472 0.023952
0 0.393258 0.528443 0.033708 0.032934
0 0.125000 0.480539 0.019663 0.026946
0 0.933989 0.468563 0.019663 0.020958
0 0.282303 0.440120 0.019663 0.023952
0 0.382022 0.411677 0.039326 0.032934
0 0.828652 0.341317 0.028090 0.029940
0 0.455056 0.335329 0.033708 0.041916
0 0.535112 0.332335 0.064607 0.047904
0 0.869382 0.282934 0.036517 0.032934
0 0.575843 0.287425 0.044944 0.059880
0 0.553371 0.218563 0.033708 0.035928
0 0.603933 0.211078 0.044944 0.032934
0 0.744382 0.176647 0.039326 0.041916
0 0.594101 0.154192 0.064607 0.044910
0 0.605337 0.083832 0.025281 0.023952
0 0.441011 0.092814 0.022472 0.041916
0 0.839888 0.074850 0.016854 0.029940
0 0.657303 0.040419 0.033708 0.038922