0 0.329201 0.961207 0.024793 0.025862
0 0.949036 0.951149 0.030303 0.040230
0 0.249311 0.942529 0.030303 0.022989
0 0.761708 0.955460 0.057851 0.066092
0 0.205234 0.918103 0.019284 0.020115
0 0.205234 0.883621 0.019284 0.014368
0 0.859504 0.872126 0.022039 0.025862
0 0.964187 0.869253 0.027548 0.025862
0 0.246556 0.862069 0.019284 0.017241
0 0.082645 0.869253 0.060606 0.071839
0 0.641873 0.801724 0.027548 0.034483
0 0.797521 0.765805 0.019284 0.020115
0 0.763085 0.762931 0.033058 0.037356
0 0.845730 0.691092 0.027548 0.025862
0 0.610193 0.676724 0.019284 0.014368
0 0.889807 0.636494 0.022039 0.020115
0 0.972452 0.580460 0.027548 0.017241
0 0.644628 0.551724 0.033058 0.022989
0 0.253444 0.544540 0.027548 0.031609
0 0.871901 0.533046 0.035813 0.037356
0 0.019284 0.525862 0.033058 0.028736
0 0.615702 0.508621 0.063361 0.028736
0 0.534435 0.494253 0.033058 0.034483
0 0.497245 0.481322 0.019284 0.020115
0 0.646006 0.461207 0.019284 0.025862
0 0.501377 0.435345 0.016529 0.020115
0 0.743802 0.423851 0.016529 0.020115
0 0.720386 0.422414 0.019284 0.017241
0 0.236915 0.425287 0.055096 0.022989
0 0.789256 0.413793 0.013774 0.011494
0 0.838843 0.410920 0.024793 0.022989
0 0.559229 0.403736 0.022039 0.037356
0 0.268595 0.382184 0.024793 0.017241
0 0.800275 0.376437 0.013774 0.017241
0 0.709366 0.379310 0.024793 0.028736
0 0.195592 0.373563 0.022039 0.022989
0 0.876033 0.359195 0.011019 0.022989
0 0.243802 0.354885 0.035813 0.037356
0 0.658402 0.329023 0.027548 0.020115
0 0.939394 0.293103 0.022039 0.022989
0 0.796143 0.290230 0.044077 0.034483
0 0.863636 0.251437 0.035813 0.037356
0 0.136364 0.221264 0.041322 0.022989
0 0.085399 0.193966 0.027548 0.014368
0 0.500000 0.191092 0.019284 0.020115
0 0.842975 0.185345 0.033058 0.020115
0 0.084022 0.170977 0.019284 0.014368
0 0.305785 0.168103 0.033058 0.031609
0 0.457300 0.160920 0.016529 0.022989
0 0.893939 0.152299 0.024793 0.034483
0 0.327824 0.149425 0.033058 0.040230
0 0.435262 0.127874 0.022039 0.020115
0 0.170799 0.120690 0.022039 0.017241
0 0.765840 0.113506 0.049587 0.043103
0 0.414601 0.106322 0.019284 0.028736
0 0.210744 0.099138 0.019284 0.025862
0 0.369146 0.056034 0.022039 0.014368