0 0.276250 0.969816 0.037500 0.039370
0 0.420000 0.947507 0.020000 0.020997
0 0.361250 0.952756 0.042500 0.036745
0 0.860000 0.944882 0.050000 0.057743
0 0.752500 0.927822 0.080000 0.076115
0 0.392500 0.893701 0.030000 0.034121
0 0.351250 0.895013 0.042500 0.036745
0 0.946250 0.908136 0.062500 0.073491
0 0.116250 0.876640 0.017500 0.020997
0 0.883750 0.854331 0.027500 0.018373
0 0.712500 0.851706 0.015000 0.018373
0 0.786250 0.838583 0.017500 0.023622
0 0.816250 0.835958 0.037500 0.028871
0 0.746250 0.797900 0.012500 0.015748
0 0.150000 0.803150 0.025000 0.041995
0 0.873750 0.780840 0.027500 0.028871
0 0.773750 0.770341 0.022500 0.028871
0 0.725000 0.783465 0.050000 0.055118
0 0.193750 0.776903 0.032500 0.041995
0 0.866250 0.719160 0.022500 0.015748
0 0.746250 0.729659 0.052500 0.041995
0 0.777500 0.687664 0.020000 0.020997
0 0.693750 0.559055 0.027500 0.026247
0 0.686250 0.528871 0.037500 0.028871
0 0.646250 0.481627 0.047500 0.060367
0 0.485000 0.452756 0.020000 0.023622
0 0.507500 0.430446 0.015000 0.015748
0 0.383750 0.412073 0.027500 0.020997
0 0.571250 0.401575 0.027500 0.020997
0 0.613750 0.395013 0.032500 0.023622
0 0.386250 0.351706 0.017500 0.015748
0 0.697500 0.350394 0.025000 0.028871
0 0.541250 0.350394 0.047500 0.049869
0 0.483750 0.321522 0.062500 0.107612
0 0.710000 0.261155 0.045000 0.039370
0 0.511250 0.211286 0.027500 0.023622
0 0.712500 0.209974 0.025000 0.026247
0 0.442500 0.179790 0.040000 0.023622
0 0.525000 0.177165 0.020000 0.023622
0 0.373750 0.154856 0.037500 0.047244
0 0.733750 0.145669 0.032500 0.034121
0 0.496250 0.141732 0.022500 0.026247
0 0.435000 0.144357 0.045000 0.031496
0 0.535000 0.131234 0.030000 0.031496
0 0.422500 0.103675 0.030000 0.023622
0 0.306250 0.087927 0.027500 0.034121
0 0.426250 0.074803 0.022500 0.018373
0 0.721250 0.062992 0.017500 0.020997
0 0.362500 0.053806 0.035000 0.034121
0 0.738750 0.024934 0.027500 0.034121
0 0.325000 0.017060 0.020000 0.028871