0 0.544286 0.931889 0.048571 0.049536
0 0.221429 0.919505 0.037143 0.037152
0 0.294286 0.917957 0.034286 0.040248
0 0.627143 0.899381 0.025714 0.027864
0 0.870000 0.876161 0.014286 0.018576
0 0.194286 0.801858 0.017143 0.018576
0 0.750000 0.795666 0.020000 0.024768
0 0.900000 0.773994 0.022857 0.018576
0 0.787143 0.773994 0.025714 0.024768
0 0.264286 0.738390 0.025714 0.040248
0 0.501429 0.566563 0.020000 0.030960
0 0.085714 0.549536 0.028571 0.015480
0 0.598571 0.543344 0.025714 0.027864
0 0.627143 0.524768 0.031429 0.027864
0 0.561429 0.518576 0.020000 0.015480
0 0.514286 0.500000 0.017143 0.015480
0 0.598571 0.417957 0.025714 0.024768
0 0.631429 0.402477 0.034286 0.037152
0 0.515714 0.357585 0.025714 0.027864
0 0.515714 0.315789 0.020000 0.018576
0 0.372857 0.123839 0.031429 0.037152