0 0.837731 0.869565 0.018470 0.021739
0 0.381266 0.796196 0.034301 0.038043
0 0.734828 0.770380 0.013193 0.013587
0 0.141161 0.767663 0.013193 0.013587
0 0.763852 0.760870 0.044855 0.048913
0 0.327177 0.740489 0.015831 0.013587
0 0.812665 0.741848 0.031662 0.038043
0 0.741425 0.694293 0.036939 0.040761
0 0.808707 0.692935 0.044855 0.048913
0 0.695251 0.615489 0.060686 0.057065
0 0.699208 0.570652 0.036939 0.027174
0 0.691293 0.513587 0.031662 0.027174
0 0.592348 0.434783 0.018470 0.016304
0 0.156992 0.425272 0.013193 0.013587
0 0.509235 0.395380 0.026385 0.040761
0 0.753298 0.362772 0.013193 0.013587
0 0.678100 0.346467 0.015831 0.019022
0 0.444591 0.347826 0.023747 0.021739
0 0.575198 0.342391 0.026385 0.027174
0 0.498681 0.342391 0.021108 0.027174
0 0.452507 0.309783 0.018470 0.016304
0 0.300792 0.264946 0.010554 0.013587
0 0.345646 0.251359 0.021108 0.019022
0 0.275726 0.044837 0.018470 0.019022