0 0.404692 0.945312 0.035191 0.021875
0 0.239003 0.892188 0.038123 0.040625
0 0.475073 0.884375 0.041056 0.037500
0 0.589443 0.864062 0.029326 0.028125
0 0.557185 0.806250 0.046921 0.068750
0 0.969208 0.756250 0.032258 0.037500
0 0.665689 0.706250 0.029326 0.031250
0 0.579179 0.709375 0.043988 0.037500
0 0.719941 0.718750 0.026393 0.062500
0 0.673021 0.632812 0.049853 0.034375
0 0.607038 0.650000 0.093842 0.075000
0 0.398827 0.589063 0.023460 0.021875
0 0.253666 0.598437 0.043988 0.040625
0 0.554252 0.571875 0.035191 0.037500
0 0.612903 0.575000 0.041056 0.050000
0 0.739003 0.515625 0.023460 0.025000
0 0.557185 0.506250 0.076246 0.043750
0 0.460411 0.504687 0.035191 0.040625
0 0.736070 0.487500 0.023460 0.025000
0 0.907625 0.487500 0.038123 0.031250
0 0.381232 0.496875 0.041056 0.068750
0 0.195015 0.464062 0.032258 0.034375
0 0.736070 0.457813 0.023460 0.028125
0 0.385630 0.445312 0.026393 0.028125
0 0.460411 0.426563 0.029326 0.028125
0 0.092375 0.384375 0.026393 0.025000
0 0.574780 0.375000 0.046921 0.050000
0 0.347507 0.318750 0.026393 0.031250
0 0.475073 0.260937 0.029326 0.028125
0 0.403226 0.237500 0.026393 0.025000
0 0.598240 0.239063 0.093842 0.109375
0 0.699413 0.193750 0.032258 0.025000
0 0.514663 0.184375 0.020528 0.018750
0 0.382698 0.104688 0.049853 0.040625
0 0.337243 0.104688 0.035191 0.040625
0 0.511730 0.076563 0.032258 0.040625
0 0.476540 0.057813 0.032258 0.028125
0 0.429619 0.068750 0.043988 0.050000