0 0.460245 0.765574 0.033639 0.049180
0 0.230887 0.631148 0.058104 0.042623
0 0.496942 0.563934 0.039755 0.026230
0 0.527523 0.481967 0.033639 0.026230
0 0.457187 0.486885 0.033639 0.036066
0 0.246177 0.493443 0.039755 0.055738
0 0.418960 0.462295 0.036697 0.032787
0 0.525994 0.296721 0.030581 0.029508
0 0.223242 0.283607 0.030581 0.042623
0 0.842508 0.242623 0.070336 0.052459
0 0.091743 0.208197 0.030581 0.042623
0 0.379205 0.172131 0.018349 0.022951
0 0.492355 0.186885 0.036697 0.059016
0 0.345566 0.167213 0.018349 0.019672
0 0.964832 0.170492 0.033639 0.032787
0 0.344037 0.126230 0.027523 0.029508