0 0.315364 0.972779 0.053908 0.042980
0 0.894879 0.902579 0.032345 0.028653
0 0.675202 0.885387 0.051213 0.040115
0 0.575472 0.869628 0.035040 0.025788
0 0.605121 0.815186 0.045822 0.048711
0 0.870620 0.744986 0.032345 0.034384
0 0.470350 0.763610 0.056604 0.077364
0 0.603774 0.727794 0.043127 0.028653
0 0.555256 0.621777 0.026954 0.040115
0 0.474394 0.585960 0.021563 0.014327
0 0.510782 0.581662 0.029650 0.028653
0 0.954178 0.565903 0.053908 0.037249
0 0.464960 0.438395 0.035040 0.051576
0 0.273585 0.424069 0.029650 0.045845
0 0.432615 0.267908 0.029650 0.031519
0 0.741240 0.224928 0.037736 0.031519
0 0.493261 0.200573 0.032345 0.028653
0 0.401617 0.138968 0.037736 0.037249
0 0.260108 0.088825 0.045822 0.028653