0 0.200855 0.938063 0.021368 0.020270
0 0.169872 0.916667 0.014957 0.018018
0 0.768162 0.917793 0.032051 0.047297
0 0.641026 0.893018 0.017094 0.020270
0 0.674145 0.921171 0.057692 0.081081
0 0.750000 0.879505 0.021368 0.029279
0 0.229701 0.871622 0.019231 0.018018
0 0.714744 0.876126 0.036325 0.040541
0 0.841880 0.867117 0.029915 0.027027
0 0.623932 0.861486 0.034188 0.038288
0 0.666667 0.843468 0.021368 0.024775
0 0.286325 0.842342 0.021368 0.031532
0 0.743590 0.822072 0.025641 0.036036
0 0.591880 0.817568 0.034188 0.027027
0 0.771368 0.818694 0.025641 0.033784
0 0.689103 0.814189 0.036325 0.033784
0 0.439103 0.808559 0.023504 0.027027
0 0.540598 0.832207 0.068376 0.078829
0 0.520299 0.807432 0.036325 0.042793
0 0.452991 0.790541 0.012821 0.013514
0 0.375000 0.795045 0.040598 0.036036
0 0.347222 0.816441 0.057692 0.078829
0 0.728632 0.781532 0.047009 0.031532
0 0.793803 0.764640 0.010684 0.011261
0 0.646368 0.770270 0.027778 0.027027
0 0.540598 0.772523 0.029915 0.031532
0 0.697650 0.774775 0.040598 0.040541
0 0.610043 0.792793 0.061966 0.076577
0 0.155983 0.639640 0.025641 0.022523
0 0.133547 0.617117 0.019231 0.018018
0 0.018162 0.569820 0.027778 0.031532
0 0.548077 0.521396 0.027778 0.024775
0 0.334402 0.470721 0.019231 0.022523
0 0.783120 0.439189 0.032051 0.036036
0 0.186966 0.379505 0.023504 0.020270
0 0.181624 0.354730 0.017094 0.020270
0 0.590812 0.350225 0.014957 0.015766
0 0.413462 0.311937 0.044872 0.038288
0 0.684829 0.259009 0.023504 0.027027
0 0.809829 0.253378 0.042735 0.042793
0 0.250000 0.204955 0.038462 0.036036
0 0.035256 0.174550 0.036325 0.038288
0 0.825855 0.104730 0.032051 0.024775
0 0.704060 0.104730 0.032051 0.042793
0 0.104701 0.082207 0.025641 0.020270
0 0.240385 0.073198 0.027778 0.024775
0 0.320513 0.045045 0.042735 0.036036