0 0.188406 0.870370 0.028986 0.025641
0 0.315942 0.776353 0.017391 0.031339
0 0.284058 0.740741 0.057971 0.074074
0 0.963768 0.688034 0.020290 0.019943
0 0.334783 0.678063 0.020290 0.028490
0 0.037681 0.663818 0.046377 0.034188
0 0.856522 0.673789 0.072464 0.059829
0 0.305797 0.639601 0.031884 0.031339
0 0.440580 0.547009 0.023188 0.017094
0 0.620290 0.485755 0.028986 0.019943
0 0.642029 0.509972 0.078261 0.074074
0 0.557971 0.472934 0.078261 0.039886
0 0.526087 0.451567 0.043478 0.031339
0 0.502899 0.357550 0.026087 0.037037
0 0.336232 0.304843 0.040580 0.051282
0 0.405797 0.252137 0.052174 0.054131
0 0.386957 0.213675 0.031884 0.028490