0 0.034247 0.982709 0.063014 0.034582
0 0.441096 0.972622 0.016438 0.020173
0 0.476712 0.966859 0.021918 0.014409
0 0.575342 0.948127 0.021918 0.017291
0 0.569863 0.925072 0.021918 0.023055
0 0.346575 0.923631 0.041096 0.020173
0 0.519178 0.920749 0.019178 0.020173
0 0.123288 0.914986 0.016438 0.014409
0 0.080822 0.939481 0.057534 0.063401
0 0.373973 0.893372 0.024658 0.017291
0 0.034247 0.890490 0.041096 0.040346
0 0.441096 0.877522 0.016438 0.020173
0 0.415068 0.878963 0.019178 0.023055
0 0.102740 0.876081 0.019178 0.023055
0 0.305479 0.861671 0.041096 0.051873
0 0.234247 0.842939 0.024658 0.031700
0 0.073973 0.819885 0.032877 0.025937
0 0.042466 0.796830 0.019178 0.025937
0 0.017808 0.769452 0.024658 0.028818
0 0.043836 0.760807 0.016438 0.023055
0 0.406849 0.743516 0.013699 0.011527
0 0.371233 0.762248 0.035616 0.060519
0 0.580822 0.727666 0.021918 0.025937
0 0.482192 0.719020 0.016438 0.014409
0 0.415068 0.720461 0.019178 0.023055
0 0.271233 0.726225 0.027397 0.034582
0 0.461644 0.707493 0.019178 0.025937
0 0.098630 0.710375 0.032877 0.031700
0 0.526027 0.703170 0.021918 0.023055
0 0.490411 0.693084 0.016438 0.014409
0 0.417808 0.693084 0.024658 0.025937
0 0.709589 0.688761 0.027397 0.028818
0 0.650685 0.659942 0.019178 0.023055
0 0.584932 0.677233 0.052055 0.057637
0 0.021918 0.664265 0.038356 0.031700
0 0.365753 0.592219 0.019178 0.025937
0 0.461644 0.570605 0.024658 0.023055
0 0.635616 0.527378 0.021918 0.023055
0 0.316438 0.492795 0.019178 0.017291
0 0.478082 0.492795 0.035616 0.028818
0 0.379452 0.442363 0.024658 0.014409
0 0.302740 0.430836 0.013699 0.014409
0 0.321918 0.436599 0.030137 0.037464
0 0.709589 0.407781 0.016438 0.025937
0 0.387671 0.400576 0.030137 0.057637
0 0.768493 0.279539 0.035616 0.028818
0 0.320548 0.273775 0.021918 0.023055
0 0.654795 0.249280 0.021918 0.020173
0 0.682192 0.240634 0.016438 0.020173
0 0.321918 0.233429 0.024658 0.028818
0 0.658904 0.224784 0.019178 0.017291
0 0.726027 0.226225 0.038356 0.037464
0 0.356164 0.195965 0.027397 0.057637
0 0.383562 0.185879 0.032877 0.048991
0 0.350685 0.155620 0.016438 0.011527
0 0.365753 0.136888 0.019178 0.014409
0 0.402740 0.132565 0.021918 0.017291
0 0.373973 0.112392 0.019178 0.017291