0 0.307692 0.978528 0.029915 0.030675
0 0.672009 0.926380 0.036325 0.020450
0 0.074786 0.876278 0.029915 0.026585
0 0.050214 0.870143 0.010684 0.014315
0 0.622863 0.787321 0.040598 0.032720
0 0.939103 0.669734 0.023504 0.018405
0 0.579060 0.657464 0.029915 0.026585
0 0.527778 0.618609 0.017094 0.010225
0 0.455128 0.600204 0.021368 0.014315
0 0.763889 0.578732 0.036325 0.032720
0 0.415598 0.438650 0.019231 0.014315
0 0.477564 0.428425 0.032051 0.014315
0 0.971154 0.428425 0.027778 0.026585
0 0.434829 0.421268 0.019231 0.012270
0 0.810897 0.406953 0.027778 0.024540
0 0.610043 0.398773 0.027778 0.020450
0 0.387821 0.389571 0.027778 0.014315
0 0.422009 0.323108 0.027778 0.016360
0 0.275641 0.309816 0.034188 0.034765
0 0.147436 0.295501 0.025641 0.018405
0 0.966880 0.299591 0.023504 0.034765
0 0.213675 0.288344 0.034188 0.028630
0 0.417735 0.277096 0.040598 0.034765
0 0.401709 0.225971 0.025641 0.018405
0 0.526709 0.219836 0.027778 0.022495
0 0.052350 0.221881 0.032051 0.030675
0 0.412393 0.209611 0.025641 0.010225
0 0.284188 0.177914 0.021368 0.020450
0 0.404915 0.139059 0.032051 0.024540
0 0.226496 0.103272 0.025641 0.018405
0 0.311966 0.099182 0.034188 0.022495
0 0.137821 0.084867 0.027778 0.014315
0 0.214744 0.066462 0.023504 0.014315
0 0.085470 0.033742 0.025641 0.018405