0 0.712798 0.955975 0.032738 0.037736
0 0.486607 0.944969 0.050595 0.047170
0 0.546131 0.907233 0.056548 0.053459
0 0.398810 0.825472 0.023810 0.022013
0 0.590774 0.773585 0.020833 0.018868
0 0.840774 0.784591 0.062500 0.066038
0 0.559524 0.738994 0.029762 0.037736
0 0.101190 0.723270 0.041667 0.044025
0 0.389881 0.683962 0.023810 0.034591
0 0.110119 0.628931 0.023810 0.037736
0 0.349702 0.606918 0.020833 0.025157
0 0.495536 0.605346 0.026786 0.034591
0 0.422619 0.614780 0.041667 0.053459
0 0.252976 0.588050 0.029762 0.037736
0 0.136905 0.561321 0.023810 0.022013
0 0.288690 0.561321 0.029762 0.034591
0 0.513393 0.540881 0.032738 0.031447
0 0.438988 0.539308 0.032738 0.028302
0 0.321429 0.531447 0.029762 0.031447
0 0.458333 0.484277 0.029762 0.031447
0 0.129464 0.488994 0.044643 0.059748
0 0.270833 0.460692 0.041667 0.034591
0 0.584821 0.433962 0.038690 0.037736
0 0.357143 0.435535 0.053571 0.066038
0 0.218750 0.429245 0.038690 0.059748
0 0.809524 0.377358 0.023810 0.018868
0 0.424107 0.311321 0.038690 0.031447
0 0.333333 0.308176 0.053571 0.050314
0 0.547619 0.283019 0.041667 0.031447
0 0.285714 0.171384 0.023810 0.040881
0 0.505952 0.124214 0.029762 0.028302
0 0.369048 0.103774 0.047619 0.050314
0 0.941964 0.075472 0.038690 0.037736
0 0.549107 0.081761 0.038690 0.050314
0 0.084821 0.048742 0.020833 0.022013
0 0.427083 0.059748 0.044643 0.069182
0 0.200893 0.045597 0.032738 0.040881
0 0.172619 0.036164 0.017857 0.022013
0 0.373512 0.045597 0.050595 0.047170