0 0.184911 0.732704 0.026627 0.025157
0 0.718935 0.723270 0.023669 0.025157
0 0.689349 0.718553 0.023669 0.028302
0 0.331361 0.663522 0.035503 0.025157
0 0.403846 0.663522 0.044379 0.044025
0 0.045858 0.622642 0.044379 0.044025
0 0.038462 0.555031 0.023669 0.022013
0 0.442308 0.570755 0.038462 0.066038
0 0.689349 0.583333 0.076923 0.097484
0 0.389053 0.550314 0.026627 0.031447
0 0.775148 0.545597 0.023669 0.028302
0 0.835799 0.482704 0.026627 0.028302
0 0.875740 0.454403 0.023669 0.034591
0 0.616864 0.405660 0.044379 0.037736
0 0.900888 0.372642 0.050296 0.040881
0 0.026627 0.350629 0.041420 0.040881
0 0.804734 0.331761 0.035503 0.028302
0 0.461538 0.341195 0.035503 0.053459
0 0.112426 0.322327 0.041420 0.034591
0 0.397929 0.311321 0.026627 0.031447
0 0.942308 0.316038 0.073964 0.047170
0 0.730769 0.319182 0.053254 0.053459
0 0.214497 0.312893 0.044379 0.047170