0 0.628809 0.922764 0.027701 0.024390
0 0.738227 0.815718 0.019391 0.021680
0 0.411357 0.733062 0.024931 0.024390
0 0.685596 0.707317 0.041551 0.037940
0 0.400277 0.647696 0.013850 0.016260
0 0.336565 0.616531 0.013850 0.013550
0 0.317175 0.489160 0.019391 0.013550
0 0.837950 0.471545 0.019391 0.016260
0 0.180055 0.426829 0.022161 0.013550
0 0.131579 0.394309 0.019391 0.018970
0 0.567867 0.386179 0.022161 0.018970
0 0.632964 0.304878 0.030471 0.024390
0 0.958449 0.271003 0.016620 0.016260
0 0.626039 0.230352 0.016620 0.016260
0 0.421053 0.220867 0.022161 0.018970
0 0.608033 0.196477 0.030471 0.018970
0 0.523546 0.193767 0.033241 0.029810
0 0.614958 0.111111 0.033241 0.027100