0 0.305274 0.744350 0.046653 0.048023
0 0.267748 0.649718 0.028398 0.028249
0 0.509128 0.597458 0.040568 0.036723
0 0.734280 0.567797 0.028398 0.045198
0 0.515213 0.483051 0.028398 0.033898
0 0.494929 0.442090 0.024341 0.031073
0 0.372211 0.437853 0.018256 0.039548
0 0.960446 0.398305 0.042596 0.050847
0 0.433063 0.372881 0.034483 0.033898
0 0.288032 0.379944 0.040568 0.087571
0 0.584178 0.341808 0.028398 0.039548
0 0.503043 0.338983 0.032454 0.045198
0 0.554767 0.138418 0.026369 0.039548
0 0.019270 0.077684 0.018256 0.019774
0 0.362069 0.046610 0.014199 0.019774
0 0.284990 0.048023 0.026369 0.033898