0 0.626168 0.981436 0.023364 0.017327
0 0.485981 0.964109 0.018692 0.022277
0 0.441589 0.960396 0.018692 0.019802
0 0.769860 0.948020 0.025701 0.024752
0 0.413551 0.943069 0.018692 0.024752
0 0.669393 0.933168 0.025701 0.019802
0 0.593458 0.922030 0.023364 0.017327
0 0.481308 0.920792 0.018692 0.019802
0 0.410047 0.913366 0.021028 0.024752
0 0.446262 0.853960 0.018692 0.019802
0 0.392523 0.850248 0.014019 0.017327
0 0.239486 0.733911 0.044393 0.047030
0 0.619159 0.670792 0.018692 0.014851
0 0.107477 0.561881 0.018692 0.014851
0 0.300234 0.532178 0.039720 0.049505
0 0.471963 0.506188 0.023364 0.027228
0 0.985981 0.451733 0.018692 0.017327
0 0.960280 0.439356 0.023364 0.017327
0 0.344626 0.448020 0.025701 0.034653
0 0.247664 0.436881 0.018692 0.017327
0 0.196262 0.436881 0.014019 0.022277
0 0.834112 0.423267 0.023364 0.019802
0 0.461449 0.425743 0.039720 0.039604
0 0.156542 0.357673 0.014019 0.012376
0 0.221963 0.335396 0.014019 0.017327
0 0.865654 0.294554 0.025701 0.019802
0 0.834112 0.288366 0.018692 0.017327
0 0.720794 0.287129 0.030374 0.039604
0 0.445093 0.271040 0.016355 0.022277
0 0.658879 0.269802 0.042056 0.044554
0 0.439252 0.222772 0.018692 0.014851
0 0.641355 0.227723 0.025701 0.034653
0 0.130841 0.221535 0.028037 0.022277
0 0.571262 0.209158 0.016355 0.017327
0 0.267523 0.175743 0.025701 0.034653
0 0.460280 0.125000 0.032710 0.037129
0 0.242991 0.112624 0.023364 0.022277
0 0.387850 0.058168 0.018692 0.017327
0 0.045561 0.040842 0.016355 0.017327
0 0.405374 0.033416 0.025701 0.017327