0 0.749344 0.989717 0.018373 0.020566
0 0.300525 0.971722 0.013123 0.015424
0 0.628609 0.971722 0.018373 0.025707
0 0.678478 0.962725 0.013123 0.012853
0 0.866142 0.953728 0.010499 0.010283
0 0.395013 0.947301 0.013123 0.007712
0 0.635171 0.947301 0.015748 0.012853
0 0.670604 0.947301 0.023622 0.017995
0 0.787402 0.947301 0.020997 0.023136
0 0.979003 0.946015 0.020997 0.025707
0 0.925197 0.931877 0.018373 0.017995
0 0.883202 0.929306 0.013123 0.012853
0 0.570866 0.921594 0.023622 0.028278
0 0.719160 0.908740 0.010499 0.012853
0 0.346457 0.911311 0.026247 0.017995
0 0.270341 0.906170 0.015748 0.012853
0 0.527559 0.895887 0.010499 0.007712
0 0.757218 0.894602 0.013123 0.015424
0 0.598425 0.890746 0.010499 0.007712
0 0.972441 0.888175 0.039370 0.033419
0 0.792651 0.872751 0.010499 0.012853
0 0.641732 0.874036 0.023622 0.020566
0 0.230971 0.861183 0.015748 0.015424
0 0.534121 0.853470 0.013123 0.010283
0 0.833333 0.847044 0.018373 0.017995
0 0.326772 0.845758 0.018373 0.020566
0 0.447507 0.856041 0.034121 0.046272
0 0.779528 0.829049 0.020997 0.023136
0 0.547244 0.823907 0.013123 0.012853
0 0.485564 0.836761 0.020997 0.043702
0 0.140420 0.813625 0.013123 0.012853
0 0.524934 0.811054 0.015748 0.017995
0 0.598425 0.805913 0.015748 0.017995
0 0.636483 0.800771 0.018373 0.023136
0 0.178478 0.795630 0.015748 0.012853
0 0.814961 0.791774 0.018373 0.015424
0 0.569554 0.790488 0.010499 0.012853
0 0.927822 0.782776 0.018373 0.017995
0 0.640420 0.776350 0.015748 0.015424
0 0.602362 0.773779 0.013123 0.010283
0 0.545932 0.784062 0.031496 0.035990
0 0.775591 0.768638 0.028871 0.030848
0 0.385827 0.757069 0.015748 0.012853
0 0.590551 0.754499 0.010499 0.012853
0 0.232283 0.750643 0.023622 0.020566
0 0.766404 0.740360 0.026247 0.020566
0 0.064304 0.724936 0.023622 0.035990
0 0.709974 0.709512 0.013123 0.015424
0 0.406824 0.708226 0.010499 0.012853
0 0.677165 0.706941 0.015748 0.015424
0 0.623360 0.703085 0.013123 0.012853
0 0.335958 0.701799 0.010499 0.010283
0 0.422572 0.696658 0.010499 0.010283
0 0.742782 0.692802 0.015748 0.012853
0 0.826772 0.683805 0.015748 0.015424
0 0.984252 0.663239 0.010499 0.010283
0 0.757218 0.667095 0.018373 0.017995
0 0.081365 0.665810 0.015748 0.015424
0 0.658793 0.665810 0.020997 0.020566
0 0.615486 0.659383 0.013123 0.012853
0 0.809711 0.658098 0.013123 0.015424
0 0.884514 0.642674 0.020997 0.020566
0 0.610236 0.636247 0.023622 0.028278
0 0.502625 0.633676 0.023622 0.028278
0 0.583990 0.611825 0.013123 0.015424
0 0.535433 0.593830 0.010499 0.010283
0 0.384514 0.600257 0.023622 0.023136
0 0.640420 0.574550 0.015748 0.012853
0 0.888451 0.578406 0.034121 0.030848
0 0.842520 0.578406 0.026247 0.030848
0 0.937008 0.568123 0.015748 0.015424
0 0.746719 0.571979 0.034121 0.028278
0 0.669291 0.565553 0.020997 0.020566
0 0.912073 0.561697 0.018373 0.017995
0 0.745407 0.543702 0.015748 0.017995
0 0.692913 0.538560 0.015748 0.012853
0 0.387139 0.524422 0.023622 0.020566
0 0.678478 0.493573 0.013123 0.015424
0 0.734908 0.456298 0.010499 0.012853
0 0.203412 0.448586 0.013123 0.012853
0 0.696850 0.447301 0.028871 0.015424
0 0.174541 0.425450 0.023622 0.023136
0 0.867454 0.434447 0.028871 0.051414
0 0.703412 0.404884 0.010499 0.012853
0 0.965879 0.408740 0.026247 0.025707
0 0.732283 0.398458 0.015748 0.015424
0 0.223097 0.401028 0.015748 0.020566
0 0.451444 0.403599 0.026247 0.035990
0 0.145669 0.394602 0.018373 0.017995
0 0.520997 0.389460 0.013123 0.012853
0 0.321522 0.383033 0.013123 0.020566
0 0.371391 0.383033 0.028871 0.030848
0 0.812336 0.357326 0.018373 0.015424
0 0.938320 0.356041 0.018373 0.017995
0 0.500000 0.347044 0.028871 0.025707
0 0.736220 0.339332 0.013123 0.015424
0 0.828084 0.335476 0.018373 0.017995
0 0.639108 0.329049 0.018373 0.015424
0 0.845144 0.327763 0.015748 0.017995
0 0.207349 0.314910 0.010499 0.012853
0 0.712598 0.303342 0.018373 0.015424
0 0.895013 0.290488 0.010499 0.010283
0 0.937008 0.291774 0.015748 0.017995
0 0.980315 0.282776 0.023622 0.020566
0 0.548556 0.280206 0.015748 0.015424
0 0.954068 0.272494 0.018373 0.015424
0 0.345144 0.272494 0.013123 0.015424
0 0.136483 0.272494 0.015748 0.015424
0 0.989501 0.250643 0.010499 0.012853
0 0.918635 0.246787 0.010499 0.010283
0 0.767717 0.245501 0.018373 0.017995
0 0.721785 0.209512 0.010499 0.012853
0 0.707349 0.197943 0.007874 0.010283
0 0.601050 0.196658 0.015748 0.012853
0 0.980315 0.194087 0.018373 0.017995
0 0.881890 0.191517 0.015748 0.028278
0 0.742782 0.183805 0.015748 0.012853
0 0.574803 0.183805 0.015748 0.012853
0 0.767717 0.181234 0.013123 0.012853
0 0.615486 0.172237 0.013123 0.010283
0 0.856955 0.154242 0.007874 0.010283
0 0.522310 0.149100 0.010499 0.010283
0 0.580052 0.132391 0.020997 0.017995
0 0.514436 0.118252 0.015748 0.015424
0 0.161417 0.120823 0.018373 0.020566
0 0.811024 0.115681 0.026247 0.020566
0 0.555118 0.114396 0.018373 0.017995
0 0.582677 0.107969 0.020997 0.025707
0 0.648294 0.097686 0.015748 0.015424
0 0.565617 0.084833 0.007874 0.010283
0 0.511811 0.088689 0.015748 0.017995
0 0.585302 0.077121 0.020997 0.025707
0 0.536745 0.069409 0.007874 0.010283
0 0.883202 0.048843 0.018373 0.015424
0 0.958005 0.043702 0.010499 0.010283
0 0.198163 0.046272 0.018373 0.015424
0 0.566929 0.048843 0.036745 0.030848
0 0.775591 0.038560 0.013123 0.015424
0 0.610236 0.035990 0.013123 0.010283
0 0.534121 0.029563 0.018373 0.017995
0 0.451444 0.028278 0.020997 0.020566
0 0.073491 0.007712 0.026247 0.015424