0 0.972946 0.987903 0.018036 0.016129
0 0.924850 0.944556 0.018036 0.022177
0 0.961924 0.928427 0.024048 0.022177
0 0.898798 0.912298 0.022044 0.026210
0 0.960922 0.895161 0.018036 0.020161
0 0.928858 0.864919 0.034068 0.040323
0 0.904810 0.817540 0.034068 0.022177
0 0.830661 0.691532 0.014028 0.016129
0 0.809619 0.677419 0.020040 0.016129
0 0.855711 0.650202 0.016032 0.026210
0 0.936874 0.622984 0.018036 0.016129
0 0.858717 0.580645 0.018036 0.020161
0 0.902806 0.239919 0.014028 0.016129
0 0.928858 0.236895 0.026052 0.022177
0 0.900802 0.211694 0.014028 0.016129
0 0.867735 0.202621 0.032064 0.038306
0 0.926854 0.184476 0.022044 0.034274
0 0.921844 0.145161 0.016032 0.020161
0 0.858717 0.131048 0.018036 0.016129
0 0.505010 0.080645 0.028056 0.032258