0 0.884910 0.947436 0.051151 0.033333
0 0.768542 0.941026 0.028133 0.030769
0 0.498721 0.934615 0.035806 0.023077
0 0.686701 0.929487 0.033248 0.017949
0 0.719949 0.902564 0.028133 0.025641
0 0.777494 0.894872 0.030691 0.020513
0 0.205882 0.894872 0.053708 0.035897
0 0.480818 0.879487 0.040921 0.046154
0 0.232737 0.855128 0.020460 0.017949
0 0.222506 0.834615 0.020460 0.017949
0 0.626598 0.826923 0.040921 0.028205
0 0.448849 0.812821 0.017903 0.015385
0 0.273657 0.800000 0.020460 0.015385
0 0.085678 0.800000 0.023018 0.025641
0 0.650895 0.787179 0.048593 0.041026
0 0.112532 0.789744 0.035806 0.051282
0 0.849105 0.767949 0.030691 0.033333
0 0.194373 0.756410 0.015345 0.020513
0 0.483376 0.738462 0.025575 0.025641
0 0.222506 0.735897 0.030691 0.035897
0 0.649616 0.707692 0.035806 0.041026
0 0.606138 0.678205 0.030691 0.023077
0 0.214834 0.648718 0.046036 0.030769
0 0.368286 0.644872 0.040921 0.033333
0 0.635550 0.646154 0.033248 0.041026
0 0.282609 0.630769 0.017903 0.015385
0 0.161125 0.617949 0.015345 0.015385
0 0.512788 0.608974 0.069054 0.033333
0 0.390026 0.600000 0.033248 0.025641
0 0.469309 0.591026 0.023018 0.023077
0 0.428389 0.584615 0.017903 0.020513
0 0.569054 0.592308 0.033248 0.041026
0 0.460358 0.567949 0.015345 0.017949
0 0.124041 0.544872 0.028133 0.028205
0 0.517903 0.537179 0.017903 0.017949
0 0.281330 0.512821 0.025575 0.020513
0 0.482097 0.500000 0.033248 0.030769
0 0.530691 0.487179 0.023018 0.020513
0 0.276215 0.482051 0.020460 0.020513
0 0.209719 0.487179 0.040921 0.030769
0 0.149616 0.426923 0.028133 0.023077
0 0.535806 0.412821 0.028133 0.025641
0 0.084399 0.420513 0.030691 0.046154
0 0.121483 0.401282 0.028133 0.028205
0 0.189258 0.393590 0.030691 0.023077
0 0.283887 0.301282 0.040921 0.038462
0 0.168798 0.242308 0.035806 0.033333
0 0.149616 0.178205 0.023018 0.017949
0 0.156010 0.112821 0.035806 0.030769
0 0.809463 0.098718 0.028133 0.023077