0 0.359420 0.911429 0.034783 0.028571
0 0.215942 0.850000 0.020290 0.020000
0 0.282609 0.815714 0.026087 0.031429
0 0.479710 0.760000 0.026087 0.034286
0 0.427536 0.655714 0.055072 0.065714
0 0.573913 0.625714 0.057971 0.068571
0 0.650725 0.592857 0.055072 0.048571
0 0.710145 0.548571 0.052174 0.051429
0 0.607246 0.544286 0.037681 0.042857
0 0.795652 0.321429 0.020290 0.025714
0 0.691304 0.291429 0.026087 0.028571
0 0.266667 0.141429 0.023188 0.014286
0 0.688406 0.140000 0.037681 0.034286
0 0.094203 0.134286 0.031884 0.040000
0 0.266667 0.108571 0.023188 0.022857
0 0.728986 0.098571 0.055072 0.048571