0 0.330214 0.959064 0.029412 0.029240
0 0.536096 0.957602 0.050802 0.055556
0 0.954545 0.843567 0.026738 0.032164
0 0.982620 0.833333 0.024064 0.035088
0 0.901070 0.823099 0.021390 0.020468
0 0.885027 0.804094 0.021390 0.017544
0 0.935829 0.788012 0.026738 0.020468
0 0.822193 0.785088 0.024064 0.020468
0 0.909091 0.770468 0.021390 0.032164
0 0.447861 0.738304 0.045455 0.043860
0 0.879679 0.725146 0.021390 0.029240
0 0.842246 0.719298 0.026738 0.023392
0 0.850267 0.682749 0.026738 0.038012
0 0.855615 0.643275 0.026738 0.023392
0 0.506684 0.631579 0.024064 0.029240
0 0.693850 0.587719 0.024064 0.017544
0 0.387701 0.590643 0.037433 0.029240
0 0.772727 0.590643 0.021390 0.035088
0 0.314171 0.554094 0.024064 0.026316
0 0.695187 0.415205 0.032086 0.029240
0 0.570856 0.404971 0.034759 0.043860
0 0.475936 0.400585 0.032086 0.035088
0 0.449198 0.380117 0.021390 0.029240
0 0.517380 0.361111 0.045455 0.061404
0 0.669786 0.321637 0.034759 0.029240
0 0.541444 0.267544 0.024064 0.026316
0 0.894385 0.264620 0.018717 0.032164
0 0.566845 0.244152 0.026738 0.032164
0 0.955882 0.251462 0.045455 0.052632
0 0.790107 0.204678 0.029412 0.017544
0 0.717914 0.134503 0.018717 0.029240
0 0.084225 0.134503 0.034759 0.040936
0 0.887701 0.106725 0.016043 0.020468
0 0.879679 0.062865 0.021390 0.026316
0 0.894385 0.011696 0.018717 0.023392