0 0.695506 0.956522 0.020225 0.027460
0 0.340449 0.914188 0.033708 0.025172
0 0.335955 0.889016 0.015730 0.020595
0 0.295506 0.911899 0.033708 0.066362
0 0.644944 0.864989 0.026966 0.018307
0 0.471910 0.829519 0.022472 0.016018
0 0.269663 0.783753 0.013483 0.016018
0 0.383146 0.782609 0.015730 0.018307
0 0.324719 0.794050 0.051685 0.041190
0 0.149438 0.782609 0.024719 0.018307
0 0.042697 0.772311 0.022472 0.020595
0 0.531461 0.765446 0.029213 0.025172
0 0.577528 0.751716 0.026966 0.025172
0 0.549438 0.733410 0.020225 0.025172
0 0.452809 0.732265 0.029213 0.045767
0 0.104494 0.719680 0.024719 0.020595
0 0.641573 0.700229 0.033708 0.036613
0 0.128090 0.685355 0.013483 0.011442
0 0.037079 0.684211 0.020225 0.018307
0 0.261798 0.676201 0.020225 0.025172
0 0.494382 0.664760 0.017978 0.016018
0 0.565169 0.653318 0.020225 0.016018
0 0.602247 0.646453 0.022472 0.020595
0 0.483146 0.596110 0.035955 0.029748
0 0.244944 0.573227 0.022472 0.029748
0 0.068539 0.549199 0.024719 0.018307
0 0.515730 0.553776 0.033708 0.036613
0 0.343820 0.537757 0.035955 0.036613
0 0.848315 0.509153 0.020225 0.016018
0 0.575281 0.512586 0.031461 0.032037
0 0.217978 0.482838 0.026966 0.027460
0 0.644944 0.522883 0.080899 0.112128
0 0.576404 0.478261 0.024719 0.022883
0 0.543820 0.474828 0.031461 0.034325
0 0.450562 0.474828 0.060674 0.066362
0 0.660674 0.443936 0.031461 0.027460
0 0.861798 0.399314 0.020225 0.025172
0 0.880899 0.390160 0.013483 0.016018
0 0.789888 0.392449 0.029213 0.025172
0 0.578652 0.386728 0.020225 0.018307
0 0.933708 0.381007 0.015730 0.016018
0 0.650562 0.383295 0.024719 0.025172
0 0.789888 0.366133 0.015730 0.013730
0 0.694382 0.366133 0.017978 0.018307
0 0.771910 0.358124 0.020225 0.016018
0 0.620225 0.358124 0.035955 0.038902
0 0.882022 0.328375 0.029213 0.034325
0 0.439326 0.305492 0.020225 0.025172
0 0.643820 0.308924 0.042697 0.045767
0 0.776404 0.292906 0.024719 0.022883
0 0.738202 0.297483 0.033708 0.050343
0 0.383146 0.292906 0.038202 0.045767
0 0.938202 0.251716 0.020225 0.022883
0 0.392135 0.251716 0.042697 0.027460
0 0.837079 0.245995 0.015730 0.020595
0 0.713483 0.233410 0.029213 0.027460
0 0.225843 0.232265 0.029213 0.025172
0 0.414607 0.228833 0.024719 0.022883
0 0.250562 0.212815 0.020225 0.018307
0 0.359551 0.211670 0.035955 0.029748
0 0.392135 0.183066 0.015730 0.018307
0 0.323596 0.160183 0.022472 0.018307
0 0.701124 0.161327 0.040449 0.034325
0 0.298876 0.121281 0.058427 0.027460
0 0.162921 0.040046 0.033708 0.043478