0 0.962963 0.815476 0.022792 0.029762
0 0.351852 0.824405 0.054131 0.047619
0 0.913105 0.767857 0.031339 0.023810
0 0.792023 0.726190 0.017094 0.017857
0 0.440171 0.625000 0.019943 0.023810
0 0.776353 0.622024 0.037037 0.035714
0 0.839031 0.577381 0.014245 0.017857
0 0.722222 0.546131 0.014245 0.014881
0 0.653846 0.531250 0.042735 0.044643
0 0.556980 0.519345 0.025641 0.020833
0 0.770655 0.504464 0.014245 0.032738
0 0.950142 0.495536 0.014245 0.020833
0 0.652422 0.492560 0.034188 0.020833
0 0.380342 0.453869 0.037037 0.032738
0 0.495726 0.418155 0.062678 0.056548
0 0.059829 0.311012 0.039886 0.056548
0 0.024217 0.291667 0.019943 0.017857
0 0.770655 0.254464 0.031339 0.032738
0 0.690883 0.236607 0.025641 0.032738
0 0.735043 0.223214 0.039886 0.035714
0 0.925926 0.028274 0.039886 0.026786