0 0.253056 0.905797 0.017115 0.019324
0 0.689487 0.873188 0.024450 0.026570
0 0.282396 0.868357 0.022005 0.021739
0 0.316626 0.864734 0.022005 0.019324
0 0.304401 0.839372 0.036675 0.016908
0 0.589242 0.801932 0.014670 0.019324
0 0.718826 0.757246 0.014670 0.016908
0 0.261614 0.695652 0.024450 0.024155
0 0.613692 0.657005 0.019560 0.019324
0 0.369193 0.646135 0.024450 0.026570
0 0.393643 0.542271 0.034230 0.055556
0 0.586797 0.502415 0.019560 0.014493
0 0.782396 0.469807 0.014670 0.012077
0 0.863081 0.467391 0.014670 0.016908
0 0.079462 0.466184 0.012225 0.014493
0 0.534230 0.456522 0.017115 0.014493
0 0.827628 0.449275 0.041565 0.028986
0 0.586797 0.432367 0.014670 0.009662
0 0.555012 0.431159 0.009780 0.012077
0 0.235941 0.435990 0.022005 0.021739
0 0.520782 0.373188 0.014670 0.012077
0 0.551345 0.356280 0.012225 0.012077
0 0.091687 0.361111 0.031785 0.026570
0 0.118582 0.336957 0.012225 0.012077
0 0.444988 0.335749 0.019560 0.019324
0 0.189487 0.329710 0.017115 0.021739
0 0.112469 0.303140 0.019560 0.012077
0 0.163814 0.298309 0.034230 0.036232
0 0.196822 0.264493 0.012225 0.012077
0 0.955990 0.021739 0.019560 0.024155
0 0.977995 0.007246 0.014670 0.009662