0 0.707989 0.973011 0.033058 0.048295
0 0.258953 0.923295 0.033058 0.022727
0 0.320937 0.884943 0.024793 0.025568
0 0.841598 0.852273 0.024793 0.028409
0 0.760331 0.845170 0.027548 0.042614
0 0.443526 0.755682 0.022039 0.022727
0 0.785124 0.769886 0.066116 0.090909
0 0.725895 0.734375 0.030303 0.031250
0 0.442149 0.730114 0.024793 0.022727
0 0.851240 0.723011 0.027548 0.031250
0 0.801653 0.715909 0.033058 0.034091
0 0.840220 0.659091 0.022039 0.028409
0 0.877410 0.678977 0.046832 0.090909
0 0.476584 0.643466 0.027548 0.036932
0 0.625344 0.625000 0.022039 0.028409
0 0.661157 0.609375 0.016529 0.019886
0 0.699725 0.575284 0.033058 0.042614
0 0.663912 0.551136 0.016529 0.017045
0 0.739669 0.536932 0.019284 0.028409
0 0.761708 0.492898 0.019284 0.025568
0 0.891185 0.484375 0.019284 0.019886
0 0.287879 0.468750 0.024793 0.028409
0 0.376033 0.463068 0.024793 0.022727
0 0.928375 0.460227 0.022039 0.028409
0 0.732782 0.454545 0.033058 0.039773
0 0.680441 0.460227 0.049587 0.051136
0 0.852617 0.421875 0.030303 0.036932
0 0.626722 0.413352 0.019284 0.019886
0 0.395317 0.413352 0.035813 0.036932
0 0.804408 0.420455 0.055096 0.056818
0 0.679063 0.397727 0.024793 0.034091
0 0.716253 0.401989 0.038567 0.053977
0 0.783747 0.389205 0.024793 0.034091
0 0.651515 0.384943 0.024793 0.025568
0 0.575758 0.403409 0.082645 0.062500
0 0.612948 0.376420 0.024793 0.019886
0 0.714876 0.359375 0.019284 0.025568
0 0.376033 0.366477 0.024793 0.051136
0 0.114325 0.353693 0.041322 0.053977
0 0.546832 0.350852 0.046832 0.065341
0 0.429752 0.326705 0.044077 0.056818
0 0.523416 0.303977 0.022039 0.034091
0 0.308540 0.267045 0.022039 0.022727
0 0.582645 0.281250 0.085399 0.085227
0 0.508264 0.267045 0.046832 0.056818
0 0.429752 0.261364 0.049587 0.051136
0 0.882920 0.252841 0.046832 0.073864
0 0.315427 0.235795 0.035813 0.039773
0 0.666667 0.278409 0.099174 0.130682
0 0.709366 0.221591 0.019284 0.022727
0 0.661157 0.214489 0.022039 0.036932
0 0.966942 0.208807 0.033058 0.036932
0 0.804408 0.198864 0.016529 0.022727
0 0.851240 0.198864 0.022039 0.028409
0 0.533058 0.214489 0.068871 0.059659
0 0.787879 0.188920 0.011019 0.019886
0 0.239669 0.186080 0.038567 0.048295
0 0.730028 0.190341 0.038567 0.073864
0 0.984848 0.166193 0.024793 0.036932
0 0.537190 0.170455 0.033058 0.045455
0 0.925620 0.150568 0.033058 0.028409
0 0.315427 0.163352 0.074380 0.065341
0 0.765840 0.143466 0.038567 0.036932
0 0.815427 0.146307 0.066116 0.065341
0 0.882920 0.116477 0.024793 0.022727
0 0.287879 0.120739 0.035813 0.042614
0 0.855372 0.102273 0.024793 0.028409
0 0.902204 0.096591 0.019284 0.028409
0 0.753444 0.089489 0.019284 0.025568
0 0.969697 0.096591 0.044077 0.045455
0 0.818182 0.086648 0.022039 0.025568
0 0.939394 0.076705 0.016529 0.017045
0 0.026171 0.099432 0.041322 0.062500