0 0.886517 0.682028 0.051685 0.041475
0 0.606742 0.641705 0.031461 0.020737
0 0.826966 0.639401 0.040449 0.034562
0 0.782022 0.616359 0.026966 0.025346
0 0.804494 0.593318 0.022472 0.020737
0 0.785393 0.565668 0.033708 0.029954
0 0.793258 0.529954 0.035955 0.032258
0 0.760674 0.497696 0.029213 0.032258
0 0.587640 0.450461 0.047191 0.043779
0 0.830337 0.436636 0.029213 0.020737
0 0.411236 0.426267 0.022472 0.018433
0 0.489888 0.418203 0.031461 0.034562
0 0.603371 0.412442 0.029213 0.032258
0 0.778652 0.410138 0.038202 0.050691
0 0.649438 0.391705 0.035955 0.027650
0 0.555056 0.395161 0.049438 0.052995
0 0.716854 0.349078 0.031461 0.025346
0 0.647191 0.352535 0.040449 0.036866
0 0.489888 0.357143 0.062921 0.055300
0 0.383146 0.336406 0.029213 0.023041
0 0.833708 0.323733 0.058427 0.039171
0 0.689888 0.323733 0.044944 0.039171
0 0.742697 0.321429 0.029213 0.039171
0 0.780899 0.315668 0.042697 0.055300
0 0.424719 0.298387 0.067416 0.048387
0 0.593258 0.267281 0.071910 0.055300