0 0.753351 0.834586 0.016086 0.015038
0 0.784182 0.814536 0.056300 0.035088
0 0.558981 0.783208 0.024129 0.012531
0 0.718499 0.776942 0.042895 0.060150
0 0.636729 0.743108 0.040214 0.027569
0 0.371314 0.701754 0.034853 0.050125
0 0.676944 0.597744 0.050938 0.047619
0 0.502681 0.588972 0.056300 0.045113
0 0.601877 0.583960 0.034853 0.040100
0 0.394102 0.567669 0.016086 0.022556
0 0.367292 0.577694 0.021448 0.042607
0 0.793566 0.516291 0.101877 0.055138
0 0.946381 0.472431 0.037534 0.032581
0 0.597855 0.467419 0.048257 0.042607
0 0.319035 0.398496 0.016086 0.015038
0 0.273458 0.330827 0.032172 0.040100
0 0.166220 0.295739 0.096515 0.055138
0 0.042895 0.219298 0.032172 0.042607
0 0.624665 0.176692 0.026810 0.027569
0 0.211796 0.203008 0.064343 0.080201
0 0.537534 0.162907 0.024129 0.025063
0 0.644772 0.149123 0.024129 0.022556
0 0.317694 0.145363 0.024129 0.040100
0 0.195710 0.131579 0.032172 0.037594
0 0.290885 0.112782 0.013405 0.015038
0 0.658177 0.062657 0.018767 0.025063
0 0.717158 0.056391 0.018767 0.017544