0 0.447368 0.981894 0.036011 0.036212
0 0.224377 0.660167 0.055402 0.072423
0 0.826870 0.618384 0.063712 0.050139
0 0.094183 0.597493 0.027701 0.019499
0 0.789474 0.590529 0.016620 0.016713
0 0.772853 0.534819 0.033241 0.038997
0 0.163435 0.523677 0.022161 0.016713
0 0.447368 0.501393 0.030471 0.033426
0 0.861496 0.402507 0.022161 0.025070
0 0.547091 0.376045 0.019391 0.022284
0 0.516620 0.334262 0.036011 0.033426
0 0.588643 0.289694 0.013850 0.016713
0 0.962604 0.285515 0.013850 0.019499
0 0.644044 0.278552 0.019391 0.016713
0 0.433518 0.284123 0.041551 0.044568
0 0.671745 0.250696 0.024931 0.027855
0 0.606648 0.247911 0.027701 0.022284
0 0.700831 0.147632 0.049861 0.033426
0 0.494460 0.150418 0.030471 0.038997
0 0.493075 0.110028 0.022161 0.019499
0 0.202216 0.098886 0.022161 0.019499
0 0.578947 0.097493 0.033241 0.027855
0 0.119114 0.087744 0.016620 0.025070