0 0.212766 0.861607 0.042553 0.026786
0 0.305471 0.656250 0.027356 0.026786
0 0.534954 0.604167 0.024316 0.029762
0 0.481763 0.547619 0.027356 0.035714
0 0.566869 0.532738 0.039514 0.035714
0 0.620061 0.486607 0.024316 0.020833
0 0.165653 0.424107 0.021277 0.032738
0 0.474164 0.397321 0.127660 0.068452
0 0.598784 0.377976 0.024316 0.035714
0 0.772036 0.324405 0.018237 0.017857
0 0.436170 0.325893 0.045593 0.068452
0 0.811550 0.297619 0.030395 0.029762
0 0.556231 0.267857 0.048632 0.035714
0 0.408815 0.229167 0.021277 0.017857
0 0.226444 0.230655 0.045593 0.026786
0 0.588146 0.212798 0.015198 0.020833
0 0.462006 0.209821 0.024316 0.026786
0 0.419453 0.180060 0.018237 0.014881
0 0.259878 0.196429 0.082067 0.047619
0 0.373860 0.175595 0.060790 0.047619
0 0.718845 0.150298 0.021277 0.020833
0 0.053191 0.139881 0.039514 0.029762