0 0.956268 0.975610 0.034985 0.036585
0 0.118076 0.972561 0.061224 0.054878
0 0.034985 0.966463 0.064140 0.054878
0 0.973761 0.911585 0.017493 0.030488
0 0.951895 0.878049 0.014577 0.018293
0 0.091837 0.887195 0.032070 0.042683
0 0.120991 0.858232 0.026239 0.015244
0 0.218659 0.855183 0.029155 0.027439
0 0.988338 0.852134 0.023324 0.027439
0 0.253644 0.852134 0.029155 0.033537
0 0.763848 0.803354 0.029155 0.027439
0 0.211370 0.760671 0.037901 0.039634
0 0.405248 0.721037 0.052478 0.039634
0 0.319242 0.708841 0.043732 0.033537
0 0.714286 0.553354 0.029155 0.033537
0 0.526239 0.541159 0.055394 0.051829
0 0.357143 0.516768 0.020408 0.027439
0 0.320700 0.481707 0.023324 0.018293
0 0.393586 0.484756 0.029155 0.030488
0 0.571429 0.484756 0.040816 0.048780
0 0.680758 0.474085 0.119534 0.076220
0 0.413994 0.428354 0.029155 0.021341
0 0.744898 0.420732 0.037901 0.030488
0 0.520408 0.408537 0.049563 0.042683
0 0.322157 0.381098 0.020408 0.024390
0 0.546647 0.375000 0.043732 0.036585
0 0.568513 0.342988 0.023324 0.021341
0 0.466472 0.341463 0.029155 0.030488
0 0.618076 0.341463 0.058309 0.067073
0 0.696793 0.324695 0.058309 0.039634
0 0.763848 0.286585 0.046647 0.036585
0 0.609329 0.260671 0.034985 0.039634
0 0.650146 0.243902 0.023324 0.018293
0 0.575802 0.245427 0.037901 0.021341
0 0.412536 0.292683 0.131195 0.140244
0 0.514577 0.227134 0.037901 0.033537
0 0.654519 0.211890 0.032070 0.027439
0 0.791545 0.184451 0.026239 0.027439
0 0.578717 0.182927 0.020408 0.030488
0 0.702624 0.193598 0.058309 0.070122
0 0.523324 0.135671 0.026239 0.021341
0 0.663265 0.135671 0.049563 0.033537
0 0.706997 0.115854 0.026239 0.024390
0 0.574344 0.123476 0.029155 0.045732
0 0.750729 0.083841 0.032070 0.027439
0 0.795918 0.068598 0.040816 0.045732
0 0.721574 0.032012 0.043732 0.039634