0 0.228795 0.928731 0.033482 0.031180
0 0.803571 0.895323 0.035714 0.035635
0 0.531250 0.871938 0.071429 0.055679
0 0.227679 0.851893 0.031250 0.046771
0 0.310268 0.837416 0.035714 0.026726
0 0.666295 0.830735 0.033482 0.031180
0 0.358259 0.811804 0.033482 0.024499
0 0.899554 0.806236 0.017857 0.017817
0 0.472098 0.797327 0.024554 0.026726
0 0.782366 0.782851 0.024554 0.033408
0 0.527902 0.783964 0.037946 0.035635
0 0.216518 0.776169 0.031250 0.033408
0 0.185268 0.765033 0.017857 0.024499
0 0.689732 0.775056 0.053571 0.057906
0 0.362723 0.743875 0.046875 0.044543
0 0.238839 0.732739 0.035714 0.026726
0 0.158482 0.734967 0.035714 0.035635
0 0.263393 0.692650 0.022321 0.026726
0 0.437500 0.685969 0.022321 0.026726
0 0.510045 0.659243 0.015625 0.022272
0 0.444196 0.642539 0.026786 0.020045
0 0.790179 0.623608 0.022321 0.022272
0 0.512277 0.609131 0.024554 0.024499
0 0.901786 0.592428 0.049107 0.035635
0 0.575893 0.583519 0.031250 0.031180
0 0.820312 0.559020 0.037946 0.031180
0 0.139509 0.538976 0.033482 0.031180
0 0.354911 0.525612 0.026786 0.022272
0 0.327009 0.513363 0.051339 0.042316
0 0.420759 0.511136 0.069196 0.042316
0 0.164062 0.488864 0.046875 0.033408
0 0.268973 0.472160 0.029018 0.031180
0 0.412946 0.428731 0.071429 0.077951
0 0.282366 0.412027 0.042411 0.048998
0 0.141741 0.331849 0.029018 0.022272
0 0.456473 0.309577 0.033482 0.035635
0 0.447545 0.267261 0.024554 0.026726
0 0.777902 0.261693 0.024554 0.024499
0 0.219866 0.174833 0.046875 0.046771
0 0.621652 0.060134 0.024554 0.026726
0 0.203125 0.008909 0.022321 0.013363