0 0.813659 0.971358 0.025295 0.018003
0 0.227656 0.964812 0.037099 0.018003
0 0.952782 0.941080 0.033727 0.026187
0 0.422428 0.927169 0.038786 0.014730
0 0.414840 0.891980 0.026981 0.019640
0 0.150084 0.837152 0.026981 0.014730
0 0.179595 0.801146 0.052277 0.027823
0 0.079258 0.785597 0.026981 0.013093
0 0.831366 0.731588 0.020236 0.019640
0 0.659359 0.734861 0.033727 0.026187
0 0.500843 0.731588 0.047218 0.029460
0 0.362563 0.725859 0.033727 0.027823
0 0.865936 0.718494 0.025295 0.022913
0 0.441821 0.714403 0.037099 0.014730
0 0.630691 0.639116 0.020236 0.011457
0 0.374368 0.639935 0.026981 0.016367
0 0.425801 0.603928 0.028668 0.026187
0 0.359191 0.589198 0.050590 0.013093
0 0.758010 0.568740 0.035413 0.027823
0 0.908094 0.559738 0.021922 0.013093
0 0.129848 0.539280 0.026981 0.011457
0 0.909781 0.528642 0.028668 0.016367
0 0.756324 0.519640 0.028668 0.018003
0 0.081788 0.485270 0.021922 0.011457
0 0.452782 0.461538 0.052277 0.045827
0 0.325464 0.445172 0.047218 0.022913
0 0.202361 0.430442 0.030354 0.022913
0 0.278246 0.363339 0.030354 0.016367
0 0.478921 0.355974 0.030354 0.014730
0 0.669477 0.253682 0.016863 0.019640
0 0.587690 0.241408 0.025295 0.018003
0 0.148398 0.230769 0.013491 0.016367
0 0.123946 0.232406 0.028668 0.019640
0 0.510118 0.162029 0.055649 0.026187
0 0.236088 0.150573 0.043845 0.019640
0 0.602024 0.124386 0.023609 0.013093
0 0.120573 0.116203 0.035413 0.022913
0 0.661046 0.090835 0.016863 0.018003
0 0.340641 0.089198 0.064081 0.021277
0 0.288364 0.085925 0.037099 0.014730
0 0.593592 0.049100 0.030354 0.019640
0 0.574199 0.034370 0.025295 0.013093