0 0.286385 0.962529 0.023474 0.018735
0 0.230047 0.855972 0.028169 0.021077
0 0.075117 0.762295 0.028169 0.021077
0 0.546948 0.755269 0.061033 0.058548
0 0.038732 0.622951 0.035211 0.032787
0 0.095070 0.611241 0.035211 0.037471
0 0.430751 0.473068 0.063380 0.042155
0 0.471831 0.448478 0.032864 0.025761
0 0.812207 0.435597 0.084507 0.079625
0 0.240610 0.370023 0.039906 0.046838
0 0.879108 0.278689 0.082160 0.060890
0 0.117371 0.252927 0.018779 0.014052
0 0.908451 0.202576 0.046948 0.035129
0 0.914319 0.162763 0.039906 0.035129
0 0.822770 0.110070 0.035211 0.032787
0 0.867371 0.064403 0.044601 0.044496