0 0.154270 0.935135 0.022039 0.021622
0 0.780992 0.789189 0.030303 0.032432
0 0.450413 0.777027 0.035813 0.029730
0 0.721763 0.729730 0.016529 0.021622
0 0.133609 0.729730 0.052342 0.037838
0 0.185950 0.718919 0.024793 0.043243
0 0.688705 0.709459 0.033058 0.029730
0 0.636364 0.691892 0.022039 0.021622
0 0.563361 0.639189 0.024793 0.035135
0 0.224518 0.631081 0.024793 0.029730
0 0.570248 0.605405 0.016529 0.021622
0 0.736915 0.479730 0.046832 0.040541
0 0.734160 0.424324 0.013774 0.010811
0 0.768595 0.420270 0.027548 0.018919
0 0.207989 0.402703 0.057851 0.059459
0 0.371901 0.336486 0.016529 0.013514
0 0.785124 0.332432 0.044077 0.048649
0 0.256198 0.322973 0.044077 0.062162
0 0.264463 0.245946 0.055096 0.043243
0 0.705234 0.200000 0.022039 0.054054