0 0.550000 0.927596 0.072222 0.057377
0 0.338889 0.907104 0.077778 0.060109
0 0.597222 0.890710 0.027778 0.032787
0 0.394444 0.889344 0.033333 0.030055
0 0.436111 0.857923 0.044444 0.054645
0 0.563889 0.851093 0.066667 0.051913
0 0.497222 0.816940 0.016667 0.021858
0 0.627778 0.830601 0.066667 0.065574
0 0.376389 0.781421 0.019444 0.027322
0 0.320833 0.812842 0.091667 0.122951
0 0.183333 0.763661 0.033333 0.024590
0 0.133333 0.732240 0.027778 0.027322
0 0.025000 0.715847 0.033333 0.032787
0 0.198611 0.642077 0.019444 0.016393
0 0.341667 0.644809 0.061111 0.049180
0 0.212500 0.602459 0.052778 0.051913
0 0.290278 0.580601 0.036111 0.079235
0 0.366667 0.538251 0.022222 0.021858
0 0.447222 0.449454 0.050000 0.035519
0 0.361111 0.437158 0.066667 0.049180
0 0.277778 0.331967 0.027778 0.030055
0 0.319444 0.280055 0.027778 0.030055
0 0.319444 0.237705 0.022222 0.016393
0 0.280556 0.221311 0.050000 0.043716
0 0.423611 0.196721 0.041667 0.021858
0 0.366667 0.174863 0.044444 0.038251
0 0.484722 0.157104 0.025000 0.019126
0 0.547222 0.142077 0.016667 0.010929
0 0.358333 0.131148 0.038889 0.032787
0 0.444444 0.127049 0.072222 0.035519
0 0.579167 0.073770 0.063889 0.049180