0 0.039749 0.564449 0.020921 0.022869
0 0.625523 0.554054 0.016736 0.014553
0 0.541841 0.546778 0.041841 0.024948
0 0.396444 0.540541 0.010460 0.016632
0 0.149582 0.539501 0.018828 0.018711
0 0.376569 0.535343 0.025105 0.035343
0 0.440377 0.530146 0.031381 0.037422
0 0.462343 0.510395 0.012552 0.010395
0 0.104603 0.513514 0.025105 0.020790
0 0.642259 0.506237 0.020921 0.022869
0 0.492678 0.501040 0.010460 0.012474
0 0.519874 0.492723 0.023013 0.012474
0 0.470711 0.493763 0.012552 0.014553
0 0.387029 0.496881 0.037657 0.037422
0 0.539749 0.479210 0.016736 0.018711
0 0.486402 0.478170 0.014644 0.016632
0 0.445607 0.485447 0.033473 0.031185
0 0.807531 0.466736 0.016736 0.014553
0 0.140167 0.466736 0.020921 0.018711
0 0.469665 0.460499 0.023013 0.022869
0 0.602510 0.448025 0.016736 0.018711
0 0.507322 0.460499 0.031381 0.047817
0 0.569038 0.445946 0.020921 0.022869
0 0.418410 0.453222 0.041841 0.058212
0 0.548117 0.426195 0.016736 0.016632
0 0.524059 0.414761 0.023013 0.022869
0 0.475941 0.407484 0.018828 0.024948
0 0.571130 0.389813 0.046025 0.035343
0 0.662134 0.370062 0.014644 0.012474
0 0.631799 0.396050 0.046025 0.068607
0 0.622385 0.369023 0.014644 0.014553
0 0.559623 0.357588 0.018828 0.016632
0 0.580544 0.349272 0.014644 0.020790
0 0.654812 0.348233 0.033473 0.022869
0 0.620293 0.348233 0.031381 0.022869
0 0.553347 0.334719 0.014644 0.016632
0 0.647490 0.310811 0.014644 0.014553
0 0.547071 0.186071 0.018828 0.018711
0 0.597280 0.170478 0.014644 0.016632