0 0.361042 0.902857 0.057072 0.051429
0 0.786600 0.878571 0.034739 0.042857
0 0.892060 0.734286 0.022333 0.022857
0 0.455335 0.732857 0.022333 0.025714
0 0.816377 0.698571 0.039702 0.042857
0 0.197270 0.671429 0.022333 0.028571
0 0.217122 0.652857 0.032258 0.037143
0 0.818859 0.637143 0.039702 0.068571
0 0.780397 0.637143 0.037221 0.080000
0 0.392060 0.598571 0.019851 0.025714
0 0.921836 0.584286 0.047146 0.065714
0 0.482630 0.550000 0.037221 0.031429
0 0.117866 0.550000 0.032258 0.031429
0 0.853598 0.554286 0.064516 0.068571
0 0.566998 0.535714 0.032258 0.042857
0 0.760546 0.540000 0.076923 0.080000
0 0.468983 0.515714 0.044665 0.042857
0 0.507444 0.492857 0.037221 0.031429
0 0.717122 0.462857 0.054591 0.068571
0 0.631514 0.435714 0.022333 0.020000
0 0.574442 0.468571 0.086849 0.085714
0 0.189826 0.428571 0.022333 0.022857
0 0.637717 0.388571 0.014888 0.017143
0 0.439206 0.398571 0.059553 0.060000
0 0.187345 0.357143 0.047146 0.057143
0 0.152605 0.312857 0.052109 0.060000
0 0.599256 0.294286 0.047146 0.051429
0 0.280397 0.304286 0.039702 0.088571
0 0.428040 0.277143 0.037221 0.045714
0 0.547146 0.242857 0.047146 0.051429
0 0.105459 0.198571 0.027295 0.031429
0 0.507444 0.241429 0.116625 0.214286
0 0.125310 0.098571 0.086849 0.060000
0 0.485112 0.082857 0.032258 0.034286