0 0.110054 0.963710 0.024457 0.018817
0 0.105978 0.911290 0.021739 0.016129
0 0.716033 0.912634 0.024457 0.024194
0 0.555707 0.901882 0.029891 0.024194
0 0.237772 0.897849 0.024457 0.026882
0 0.665761 0.865591 0.027174 0.021505
0 0.804348 0.834677 0.021739 0.024194
0 0.698370 0.830645 0.016304 0.016129
0 0.675272 0.811828 0.019022 0.016129
0 0.510870 0.798387 0.021739 0.021505
0 0.652174 0.747312 0.021739 0.021505
0 0.557065 0.720430 0.027174 0.021505
0 0.661685 0.704301 0.019022 0.016129
0 0.588315 0.689516 0.024457 0.029570
0 0.398098 0.622312 0.024457 0.024194
0 0.932065 0.568548 0.027174 0.024194
0 0.470109 0.560484 0.027174 0.024194
0 0.823370 0.543011 0.032609 0.016129
0 0.480978 0.530914 0.016304 0.013441
0 0.654891 0.493280 0.038043 0.024194
0 0.839674 0.455645 0.016304 0.018817
0 0.785326 0.381720 0.016304 0.016129
0 0.476902 0.319892 0.029891 0.021505
0 0.835598 0.290323 0.019022 0.016129
0 0.175272 0.287634 0.024457 0.021505
0 0.230978 0.215054 0.021739 0.021505
0 0.532609 0.192204 0.021739 0.024194
0 0.558424 0.166667 0.013587 0.010753
0 0.282609 0.168011 0.021739 0.029570
0 0.533967 0.154570 0.013587 0.013441
0 0.453804 0.150538 0.021739 0.021505
0 0.292120 0.122312 0.019022 0.013441
0 0.487772 0.120968 0.024457 0.026882
0 0.557065 0.115591 0.054348 0.026882
0 0.558424 0.071237 0.035326 0.034946