0 0.697943 0.964589 0.012853 0.014164
0 0.598972 0.966006 0.035990 0.056657
0 0.501285 0.822946 0.025707 0.042493
0 0.168380 0.810198 0.033419 0.033994
0 0.804627 0.726629 0.035990 0.031161
0 0.455013 0.720963 0.025707 0.031161
0 0.556555 0.712465 0.028278 0.031161
0 0.159383 0.696884 0.020566 0.022663
0 0.330334 0.696884 0.028278 0.028329
0 0.358612 0.672805 0.023136 0.019830
0 0.440874 0.655807 0.033419 0.036827
0 0.354756 0.643059 0.020566 0.016997
0 0.814910 0.648725 0.030848 0.045326
0 0.894602 0.618980 0.020566 0.019830
0 0.858612 0.580737 0.025707 0.033994
0 0.488432 0.566572 0.030848 0.028329
0 0.624679 0.553824 0.015424 0.019830
0 0.352185 0.563739 0.030848 0.039660
0 0.186375 0.559490 0.028278 0.036827
0 0.818766 0.556657 0.074550 0.036827
0 0.461440 0.546742 0.023136 0.028329
0 0.226221 0.541076 0.030848 0.045326
0 0.623393 0.526912 0.017995 0.028329
0 0.511568 0.525496 0.035990 0.048159
0 0.982005 0.515581 0.030848 0.033994
0 0.890746 0.509915 0.028278 0.028329
0 0.633676 0.487252 0.017995 0.022663
0 0.345758 0.492918 0.023136 0.039660
0 0.431877 0.480170 0.025707 0.031161
0 0.385604 0.468839 0.025707 0.019830
0 0.399743 0.451841 0.012853 0.014164
0 0.318766 0.436261 0.030848 0.039660
0 0.218509 0.441926 0.077121 0.084986
0 0.604113 0.409348 0.025707 0.031161
0 0.491003 0.332861 0.025707 0.019830
0 0.240360 0.320113 0.028278 0.033994
0 0.768638 0.318697 0.030848 0.042493
0 0.455013 0.243626 0.025707 0.022663
0 0.696658 0.245042 0.030848 0.042493
0 0.344473 0.195467 0.025707 0.022663
0 0.790488 0.191218 0.048843 0.036827
0 0.421594 0.171388 0.025707 0.019830
0 0.043702 0.174221 0.025707 0.031161
0 0.600257 0.135977 0.043702 0.045326
0 0.109254 0.103399 0.038560 0.025496
0 0.338046 0.043909 0.023136 0.019830
0 0.277635 0.039660 0.025707 0.028329