0 0.830484 0.561747 0.019943 0.033133
0 0.801994 0.555723 0.019943 0.027108
0 0.861823 0.545181 0.019943 0.024096
0 0.753561 0.531627 0.025641 0.033133
0 0.854701 0.501506 0.017094 0.033133
0 0.770655 0.466867 0.025641 0.030120
0 0.834758 0.457831 0.022792 0.036145
0 0.616809 0.435241 0.025641 0.033133
0 0.760684 0.417169 0.028490 0.033133
0 0.723647 0.412651 0.017094 0.024096
0 0.497151 0.311747 0.014245 0.021084
0 0.702279 0.292169 0.019943 0.024096
0 0.501425 0.275602 0.022792 0.021084
0 0.444444 0.278614 0.039886 0.051205
0 0.347578 0.225904 0.022792 0.024096
0 0.547009 0.222892 0.034188 0.030120
0 0.918803 0.209337 0.031339 0.033133
0 0.512821 0.192771 0.039886 0.036145
0 0.558405 0.183735 0.034188 0.042169
0 0.394587 0.170181 0.025641 0.027108
0 0.300570 0.164157 0.014245 0.027108
0 0.673789 0.174699 0.048433 0.072289
0 0.638177 0.121988 0.034188 0.057229
0 0.498575 0.105422 0.022792 0.030120
0 0.303419 0.087349 0.037037 0.048193
0 0.283476 0.055723 0.019943 0.021084
0 0.649573 0.057229 0.034188 0.030120