0 0.047814 0.822667 0.030055 0.024000
0 0.755464 0.808000 0.019126 0.016000
0 0.792350 0.725333 0.021858 0.021333
0 0.771858 0.712000 0.019126 0.010667
0 0.046448 0.706667 0.021858 0.016000
0 0.143443 0.692000 0.019126 0.013333
0 0.770492 0.645333 0.010929 0.010667
0 0.035519 0.641333 0.038251 0.045333
0 0.445355 0.536000 0.016393 0.016000
0 0.174863 0.530667 0.038251 0.037333
0 0.196721 0.514667 0.010929 0.010667
0 0.360656 0.514667 0.021858 0.016000
0 0.267760 0.516000 0.016393 0.018667
0 0.360656 0.486667 0.010929 0.013333
0 0.333333 0.474667 0.016393 0.016000
0 0.301913 0.473333 0.013661 0.018667
0 0.166667 0.468000 0.038251 0.034667
0 0.131148 0.441333 0.021858 0.024000
0 0.219945 0.430667 0.013661 0.013333
0 0.236339 0.408000 0.030055 0.026667
0 0.173497 0.401333 0.040984 0.040000
0 0.437158 0.334667 0.016393 0.013333
0 0.207650 0.329333 0.010929 0.013333
0 0.172131 0.322667 0.049180 0.037333
0 0.448087 0.310667 0.027322 0.024000
0 0.327869 0.306667 0.021858 0.021333
0 0.595628 0.304000 0.021858 0.021333
0 0.237705 0.304000 0.021858 0.021333
0 0.237705 0.265333 0.027322 0.029333
0 0.491803 0.257333 0.021858 0.029333
0 0.099727 0.244000 0.024590 0.024000
0 0.151639 0.237333 0.019126 0.016000
0 0.913934 0.234667 0.019126 0.016000
0 0.306011 0.233333 0.038251 0.045333
0 0.933060 0.214667 0.019126 0.018667
0 0.062842 0.206667 0.010929 0.013333
0 0.452186 0.214667 0.024590 0.045333
0 0.344262 0.202667 0.027322 0.021333
0 0.913934 0.170667 0.013661 0.010667
0 0.321038 0.160000 0.019126 0.021333
0 0.017760 0.161333 0.024590 0.024000
0 0.931694 0.154667 0.032787 0.016000
0 0.363388 0.157333 0.032787 0.032000
0 0.532787 0.149333 0.021858 0.026667
0 0.275956 0.141333 0.027322 0.032000
0 0.427596 0.122667 0.019126 0.016000
0 0.484973 0.133333 0.035519 0.048000
0 0.371585 0.094667 0.021858 0.018667
0 0.658470 0.097333 0.021858 0.029333
0 0.117486 0.077333 0.021858 0.016000
0 0.624317 0.070667 0.024590 0.024000
0 0.371585 0.020000 0.032787 0.024000
0 0.607923 0.025333 0.035519 0.045333
0 0.400273 0.013333 0.024590 0.026667