0 0.836634 0.911846 0.014851 0.016529
0 0.650990 0.911846 0.044554 0.027548
0 0.793317 0.902204 0.017327 0.019284
0 0.347772 0.896694 0.042079 0.024793
0 0.470297 0.891185 0.034653 0.035813
0 0.733911 0.887052 0.042079 0.049587
0 0.596535 0.876033 0.019802 0.027548
0 0.240099 0.862259 0.014851 0.016529
0 0.300743 0.853994 0.017327 0.022039
0 0.706683 0.848485 0.017327 0.016529
0 0.743812 0.830579 0.042079 0.030303
0 0.232673 0.826446 0.014851 0.022039
0 0.504950 0.841598 0.064356 0.068871
0 0.444307 0.819559 0.022277 0.030303
0 0.456683 0.761708 0.017327 0.019284
0 0.508663 0.742424 0.017327 0.019284
0 0.235149 0.725895 0.014851 0.019284
0 0.126238 0.732782 0.024752 0.033058
0 0.679455 0.723140 0.022277 0.019284
0 0.455446 0.725895 0.029703 0.024793
0 0.641089 0.713499 0.014851 0.016529
0 0.592822 0.709366 0.022277 0.024793
0 0.306931 0.713499 0.044554 0.033058
0 0.206683 0.703857 0.017327 0.030303
0 0.219059 0.685950 0.032178 0.027548
0 0.308168 0.623967 0.022277 0.030303
0 0.650990 0.621212 0.034653 0.035813
0 0.955446 0.611570 0.039604 0.033058
0 0.606436 0.596419 0.044554 0.046832
0 0.727723 0.261708 0.029703 0.044077