0 0.315217 0.904167 0.043478 0.047222
0 0.343750 0.861111 0.040761 0.038889
0 0.415761 0.756944 0.043478 0.047222
0 0.229620 0.736111 0.029891 0.044444
0 0.297554 0.719444 0.046196 0.038889
0 0.073370 0.477778 0.054348 0.038889
0 0.168478 0.441667 0.016304 0.033333
0 0.262228 0.415278 0.051630 0.047222
0 0.192935 0.234722 0.027174 0.025000
0 0.078804 0.227778 0.021739 0.022222
0 0.108696 0.119444 0.016304 0.033333
0 0.194293 0.109722 0.029891 0.030556
0 0.130435 0.091667 0.032609 0.027778
0 0.091033 0.080556 0.035326 0.033333