0 0.440260 0.960938 0.018182 0.026042
0 0.485714 0.941406 0.025974 0.018229
0 0.520779 0.912760 0.018182 0.023438
0 0.980519 0.906250 0.018182 0.015625
0 0.602597 0.907552 0.046753 0.039062
0 0.453247 0.889323 0.018182 0.013021
0 0.525974 0.884115 0.028571 0.028646
0 0.967532 0.881510 0.028571 0.028646
0 0.487013 0.881510 0.044156 0.033854
0 0.575325 0.824219 0.012987 0.013021
0 0.600000 0.815104 0.020779 0.020833
0 0.842857 0.796875 0.038961 0.026042
0 0.751948 0.792969 0.023377 0.018229
0 0.731169 0.813802 0.070130 0.059896
0 0.494805 0.777344 0.018182 0.013021
0 0.831169 0.759115 0.015584 0.013021
0 0.488312 0.725260 0.015584 0.018229
0 0.867532 0.727865 0.057143 0.028646
0 0.880519 0.705729 0.025974 0.015625
0 0.844156 0.690104 0.015584 0.015625
0 0.738961 0.665365 0.018182 0.023438
0 0.163636 0.634115 0.031169 0.033854
0 0.874026 0.615885 0.023377 0.023438
0 0.255844 0.553385 0.033766 0.033854
0 0.023377 0.546875 0.041558 0.046875
0 0.451948 0.516927 0.036364 0.028646
0 0.223377 0.486979 0.015584 0.015625
0 0.063636 0.483073 0.023377 0.023438
0 0.472727 0.440104 0.031169 0.036458
0 0.518182 0.421875 0.023377 0.026042
0 0.714286 0.425781 0.036364 0.039062
0 0.361039 0.441406 0.041558 0.075521
0 0.579221 0.412760 0.020779 0.023438
0 0.468831 0.406250 0.018182 0.015625
0 0.958442 0.412760 0.036364 0.033854
0 0.390909 0.410156 0.028571 0.028646
0 0.314286 0.404948 0.031169 0.018229
0 0.148052 0.397135 0.020779 0.018229
0 0.646753 0.399740 0.031169 0.028646
0 0.420779 0.388021 0.025974 0.015625
0 0.319481 0.382812 0.020779 0.020833
0 0.601299 0.347656 0.028571 0.039062
0 0.219481 0.343750 0.038961 0.031250
0 0.490909 0.291667 0.020779 0.015625
0 0.438961 0.252604 0.036364 0.041667
0 0.803896 0.220052 0.033766 0.028646
0 0.485714 0.214844 0.031169 0.028646
0 0.446753 0.209635 0.031169 0.028646
0 0.720779 0.201823 0.018182 0.028646
0 0.538961 0.200521 0.023377 0.031250
0 0.568831 0.164062 0.020779 0.031250
0 0.096104 0.147135 0.025974 0.028646
0 0.663636 0.157552 0.054545 0.054688
0 0.589610 0.109375 0.031169 0.031250
0 0.557143 0.100260 0.018182 0.023438
0 0.514286 0.097656 0.031169 0.033854
0 0.146753 0.110677 0.044156 0.065104
0 0.071429 0.071615 0.028571 0.039062