0 0.071038 0.686486 0.049180 0.032432
0 0.312842 0.518919 0.035519 0.032432
0 0.248634 0.494595 0.027322 0.027027
0 0.765027 0.428378 0.027322 0.035135
0 0.379781 0.422973 0.032787 0.029730
0 0.497268 0.313514 0.038251 0.037838
0 0.722678 0.294595 0.040984 0.043243
0 0.883880 0.271622 0.040984 0.035135
0 0.489071 0.271622 0.043716 0.040541
0 0.378415 0.266216 0.040984 0.045946
0 0.700820 0.163514 0.030055 0.024324
0 0.665301 0.143243 0.030055 0.027027
0 0.745902 0.125676 0.032787 0.018919
0 0.498634 0.109459 0.019126 0.018919
0 0.596995 0.109459 0.046448 0.045946
0 0.474044 0.079730 0.024590 0.029730
0 0.590164 0.050000 0.027322 0.024324
0 0.759563 0.044595 0.027322 0.024324
0 0.521858 0.039189 0.027322 0.035135
0 0.658470 0.033784 0.027322 0.035135