0 0.713615 0.983668 0.018779 0.022613
0 0.630282 0.966080 0.049296 0.047739
0 0.706573 0.860553 0.023474 0.017588
0 0.644366 0.780151 0.039906 0.032663
0 0.384977 0.722362 0.037559 0.037688
0 0.876761 0.610553 0.039906 0.040201
0 0.375587 0.556533 0.037559 0.027638
0 0.909624 0.483668 0.044601 0.057789
0 0.056338 0.430905 0.037559 0.052764
0 0.549296 0.219849 0.051643 0.042714
0 0.556338 0.172111 0.023474 0.027638
0 0.595070 0.159548 0.049296 0.047739
0 0.976526 0.136935 0.032864 0.032663
0 0.669014 0.020101 0.037559 0.035176