0 0.859673 0.923529 0.024523 0.023529
0 0.358311 0.907353 0.035422 0.044118
0 0.313351 0.901471 0.049046 0.044118
0 0.619891 0.858824 0.046322 0.029412
0 0.724796 0.857353 0.059946 0.044118
0 0.455041 0.855882 0.043597 0.058824
0 0.813351 0.820588 0.019074 0.017647
0 0.393733 0.829412 0.035422 0.035294
0 0.809264 0.800000 0.016349 0.017647
0 0.911444 0.816176 0.046322 0.061765
0 0.448229 0.802941 0.024523 0.035294
0 0.771117 0.785294 0.027248 0.023529
0 0.861035 0.758824 0.027248 0.023529
0 0.747956 0.752941 0.013624 0.017647
0 0.811989 0.755882 0.021798 0.029412
0 0.779292 0.751471 0.016349 0.026471
0 0.720708 0.725000 0.019074 0.020588
0 0.810627 0.713235 0.024523 0.026471
0 0.662125 0.708824 0.021798 0.017647
0 0.287466 0.692647 0.029973 0.020588
0 0.779292 0.700000 0.043597 0.041176
0 0.747956 0.676471 0.024523 0.029412
0 0.658038 0.658824 0.029973 0.023529
0 0.519074 0.654412 0.024523 0.032353
0 0.807902 0.642647 0.024523 0.020588
0 0.741144 0.622059 0.021798 0.014706
0 0.694823 0.607353 0.043597 0.050000
0 0.920981 0.588235 0.016349 0.017647
0 0.431880 0.633824 0.106267 0.120588
0 0.745232 0.541176 0.051771 0.041176
0 0.423706 0.498529 0.029973 0.032353
0 0.367847 0.492647 0.043597 0.044118
0 0.495913 0.497059 0.038147 0.076471
0 0.679837 0.454412 0.029973 0.026471
0 0.606267 0.452941 0.024523 0.029412
0 0.837875 0.444118 0.040872 0.029412
0 0.550409 0.429412 0.043597 0.041176
0 0.384196 0.410294 0.038147 0.044118
0 0.769755 0.375000 0.019074 0.014706
0 0.429155 0.388235 0.046322 0.047059
0 0.839237 0.327941 0.038147 0.020588
0 0.550409 0.329412 0.021798 0.029412
0 0.416894 0.310294 0.021798 0.026471
0 0.386921 0.292647 0.021798 0.020588
0 0.904632 0.245588 0.043597 0.032353
0 0.828338 0.092647 0.038147 0.050000