0 0.418508 0.815864 0.019337 0.016997
0 0.745856 0.703966 0.027624 0.031161
0 0.283149 0.675637 0.035912 0.036827
0 0.813536 0.604816 0.035912 0.031161
0 0.830110 0.565156 0.019337 0.025496
0 0.712707 0.549575 0.038674 0.028329
0 0.498619 0.525496 0.024862 0.031161
0 0.058011 0.514164 0.022099 0.025496
0 0.964088 0.468839 0.022099 0.025496
0 0.727901 0.432011 0.030387 0.025496
0 0.852210 0.382436 0.024862 0.016997
0 0.591160 0.362606 0.038674 0.033994
0 0.964088 0.327195 0.027624 0.019830
0 0.287293 0.305949 0.016575 0.022663
0 0.888122 0.281870 0.030387 0.031161
0 0.169890 0.240793 0.024862 0.033994
0 0.936464 0.232295 0.033149 0.039660
0 0.697514 0.032578 0.041436 0.014164