0 0.759479 0.954106 0.021327 0.024155
0 0.780806 0.786232 0.026066 0.021739
0 0.497630 0.716184 0.033175 0.016908
0 0.672986 0.698068 0.028436 0.024155
0 0.609005 0.665459 0.028436 0.016908
0 0.709716 0.646135 0.045024 0.016908
0 0.559242 0.620773 0.033175 0.019324
0 0.419431 0.555556 0.028436 0.019324
0 0.502370 0.538647 0.042654 0.024155
0 0.548578 0.532609 0.026066 0.016908
0 0.444313 0.483092 0.026066 0.019324
0 0.481043 0.457729 0.028436 0.016908
0 0.465640 0.410628 0.040284 0.033816
0 0.242891 0.349034 0.030806 0.016908
0 0.228673 0.320048 0.030806 0.026570
0 0.610190 0.299517 0.026066 0.014493
0 0.216825 0.291063 0.021327 0.012077
0 0.393365 0.289855 0.028436 0.024155
0 0.274882 0.271739 0.037915 0.021739
0 0.630332 0.257246 0.037915 0.016908
0 0.245261 0.164251 0.045024 0.019324
0 0.579384 0.128019 0.026066 0.019324