0 0.464674 0.978659 0.059783 0.030488
0 0.278533 0.903963 0.029891 0.021341
0 0.448370 0.890244 0.059783 0.024390
0 0.956522 0.882622 0.043478 0.033537
0 0.907609 0.862805 0.027174 0.024390
0 0.324728 0.844512 0.040761 0.024390
0 0.019022 0.849085 0.032609 0.033537
0 0.118207 0.818598 0.029891 0.027439
0 0.448370 0.791159 0.032609 0.027439
0 0.376359 0.746951 0.051630 0.024390
0 0.754076 0.731707 0.051630 0.048780
0 0.255435 0.721037 0.032609 0.039634
0 0.451087 0.699695 0.032609 0.027439
0 0.214674 0.675305 0.043478 0.033537
0 0.267663 0.310976 0.040761 0.030488
0 0.760870 0.285061 0.038043 0.021341
0 0.241848 0.263720 0.038043 0.039634
0 0.453804 0.175305 0.043478 0.033537
0 0.707880 0.074695 0.024457 0.027439
0 0.653533 0.024390 0.040761 0.024390