0 0.675926 0.968912 0.023810 0.025907
0 0.288360 0.940415 0.063492 0.051813
0 0.818783 0.891192 0.023810 0.020725
0 0.574074 0.893782 0.031746 0.025907
0 0.435185 0.847150 0.029101 0.036269
0 0.150794 0.843264 0.047619 0.044041
0 0.625661 0.804404 0.034392 0.033679
0 0.731481 0.782383 0.023810 0.015544
0 0.210317 0.727979 0.044974 0.041451
0 0.378307 0.699482 0.026455 0.025907
0 0.399471 0.660622 0.031746 0.041451
0 0.160053 0.642487 0.018519 0.015544
0 0.227513 0.643782 0.037037 0.033679
0 0.681217 0.606218 0.034392 0.015544
0 0.309524 0.616580 0.052910 0.077720
0 0.250000 0.588083 0.018519 0.025907
0 0.210317 0.567358 0.039683 0.041451
0 0.354497 0.553109 0.031746 0.018135
0 0.837302 0.396373 0.018519 0.015544
0 0.470899 0.397668 0.026455 0.023316
0 0.850529 0.360104 0.023810 0.031088
0 0.916667 0.330311 0.018519 0.023316
0 0.277778 0.335492 0.037037 0.038860
0 0.783069 0.349741 0.052910 0.077720
0 0.117725 0.330311 0.044974 0.044041
0 0.870370 0.317358 0.021164 0.023316
0 0.824074 0.308290 0.055556 0.046632
0 0.923280 0.283679 0.010582 0.018135
0 0.765873 0.256477 0.023810 0.031088
0 0.874339 0.268135 0.071429 0.069948
0 0.388889 0.235751 0.021164 0.020725
0 0.239418 0.123057 0.055556 0.049223
0 0.185185 0.050518 0.037037 0.028497
0 0.218254 0.037565 0.018519 0.033679
0 0.175926 0.018135 0.023810 0.020725