0 0.278252 0.992754 0.010661 0.010352
0 0.268657 0.972050 0.021322 0.014493
0 0.412580 0.963768 0.014925 0.014493
0 0.901919 0.908903 0.034115 0.024845
0 0.323028 0.899586 0.027719 0.018634
0 0.353945 0.894410 0.017058 0.020704
0 0.114072 0.881988 0.023454 0.024845
0 0.448827 0.865424 0.023454 0.024845
0 0.511727 0.833333 0.012793 0.014493
0 0.051173 0.845756 0.038380 0.047619
0 0.046908 0.806418 0.046908 0.026915
0 0.970149 0.748447 0.021322 0.018634
0 0.328358 0.703934 0.029851 0.016563
0 0.881663 0.694617 0.031983 0.031056
0 0.327292 0.581781 0.014925 0.012422
0 0.418977 0.575569 0.014925 0.012422
0 0.076759 0.545549 0.046908 0.018634
0 0.760128 0.538302 0.019190 0.016563
0 0.733475 0.527950 0.017058 0.016563
0 0.519190 0.525880 0.019190 0.020704
0 0.374200 0.526915 0.040512 0.035197
0 0.310235 0.506211 0.023454 0.018634
0 0.376333 0.488613 0.019190 0.012422
0 0.026652 0.434783 0.031983 0.024845
0 0.305970 0.400621 0.014925 0.014493
0 0.608742 0.404762 0.036247 0.026915
0 0.175906 0.398551 0.023454 0.026915
0 0.412580 0.379917 0.014925 0.010352
0 0.878465 0.364389 0.017058 0.020704
0 0.897655 0.357143 0.017058 0.018634
0 0.149254 0.358178 0.025586 0.033126
0 0.465885 0.334369 0.036247 0.035197
0 0.436034 0.327122 0.027719 0.020704
0 0.295309 0.303313 0.027719 0.022774
0 0.382729 0.305383 0.040512 0.035197
0 0.235608 0.281573 0.019190 0.012422
0 0.518124 0.288820 0.034115 0.031056
0 0.452026 0.286749 0.055437 0.031056
0 0.647122 0.250518 0.019190 0.016563
0 0.423241 0.255694 0.070362 0.031056
0 0.266525 0.246377 0.034115 0.024845
0 0.453092 0.232919 0.036247 0.022774
0 0.901919 0.206004 0.021322 0.018634
0 0.751599 0.200828 0.014925 0.016563
0 0.484009 0.198758 0.012793 0.012422
0 0.462687 0.199793 0.017058 0.022774
0 0.465885 0.157350 0.014925 0.016563
0 0.805970 0.096273 0.017058 0.018634