0 0.856992 0.823711 0.014831 0.010309
0 0.920551 0.823711 0.023305 0.018557
0 0.870763 0.769072 0.016949 0.016495
0 0.086864 0.662887 0.084746 0.035052
0 0.882415 0.621649 0.023305 0.022680
0 0.100636 0.622680 0.048729 0.032990
0 0.860169 0.606186 0.025424 0.024742
0 0.919492 0.606186 0.046610 0.028866
0 0.154661 0.546392 0.046610 0.045361
0 0.076271 0.521649 0.016949 0.012371
0 0.394068 0.547423 0.042373 0.068041
0 0.879237 0.526804 0.046610 0.039175
0 0.430085 0.511340 0.016949 0.016495
0 0.673729 0.507216 0.021186 0.020619
0 0.286017 0.494845 0.029661 0.024742
0 0.325212 0.501031 0.044492 0.061856
0 0.174788 0.476289 0.027542 0.024742
0 0.505297 0.484536 0.031780 0.045361
0 0.230932 0.454639 0.038136 0.030928
0 0.174788 0.446392 0.023305 0.026804
0 0.055085 0.442268 0.016949 0.018557
0 0.128178 0.427835 0.019068 0.018557
0 0.911017 0.404124 0.033898 0.028866
0 0.570975 0.354639 0.027542 0.032990
0 0.744703 0.349485 0.027542 0.035052
0 0.728814 0.300000 0.012712 0.014433
0 0.397246 0.295876 0.019068 0.022680
0 0.204449 0.296907 0.040254 0.032990
0 0.620763 0.273196 0.021186 0.026804
0 0.679025 0.263918 0.023305 0.020619
0 0.583686 0.262887 0.014831 0.018557
0 0.260593 0.231959 0.012712 0.010309
0 0.644068 0.234021 0.029661 0.026804
0 0.278602 0.222680 0.014831 0.012371
0 0.156780 0.213402 0.016949 0.014433
0 0.740466 0.238144 0.061441 0.088660
0 0.694915 0.167010 0.021186 0.024742
0 0.361229 0.160825 0.014831 0.016495
0 0.771186 0.145361 0.021186 0.026804
0 0.335805 0.121649 0.014831 0.016495
0 0.376059 0.070103 0.010593 0.012371
0 0.399364 0.056701 0.014831 0.014433
0 0.154661 0.017526 0.016949 0.014433