0 0.238636 0.974648 0.056818 0.045070
0 0.159091 0.959155 0.028409 0.036620
0 0.757102 0.945070 0.031250 0.036620
0 0.116477 0.940845 0.085227 0.101408
0 0.943182 0.892958 0.017045 0.022535
0 0.126420 0.860563 0.071023 0.059155
0 0.291193 0.849296 0.036932 0.047887
0 0.369318 0.825352 0.022727 0.022535
0 0.551136 0.776056 0.022727 0.025352
0 0.436080 0.757746 0.048295 0.039437
0 0.419034 0.694366 0.025568 0.030986
0 0.512784 0.654930 0.031250 0.030986
0 0.542614 0.646479 0.022727 0.030986
0 0.430398 0.615493 0.014205 0.014085
0 0.467330 0.615493 0.048295 0.042254
0 0.879261 0.612676 0.059659 0.042254
0 0.883523 0.556338 0.045455 0.042254
0 0.784091 0.549296 0.022727 0.045070
0 0.546875 0.545070 0.042614 0.059155
0 0.568182 0.460563 0.039773 0.059155
0 0.558239 0.188732 0.019886 0.016901
0 0.667614 0.170423 0.039773 0.030986
0 0.473011 0.178873 0.099432 0.053521
0 0.592330 0.159155 0.036932 0.064789
0 0.401989 0.154930 0.053977 0.056338
0 0.551136 0.139437 0.028409 0.030986
0 0.480114 0.098592 0.022727 0.033803
0 0.423295 0.083099 0.034091 0.036620
0 0.393466 0.039437 0.031250 0.039437