0 0.495204 0.947494 0.040767 0.052506
0 0.586331 0.921241 0.045564 0.028640
0 0.612710 0.877088 0.026379 0.026253
0 0.705036 0.812649 0.047962 0.026253
0 0.888489 0.682578 0.059952 0.057279
0 0.304556 0.606205 0.019185 0.023866
0 0.971223 0.595465 0.033573 0.026253
0 0.420863 0.589499 0.035971 0.023866
0 0.832134 0.568019 0.038369 0.038186
0 0.339329 0.563246 0.045564 0.028640
0 0.193046 0.651551 0.155875 0.205251
0 0.516787 0.557279 0.040767 0.035800
0 0.788969 0.550119 0.038369 0.031026
0 0.053957 0.554893 0.069544 0.050119
0 0.431655 0.548926 0.100719 0.052506
0 0.311751 0.502387 0.062350 0.059666
0 0.442446 0.480907 0.040767 0.021480
0 0.214628 0.486874 0.069544 0.071599
0 0.573141 0.445107 0.028777 0.021480
0 0.526379 0.441527 0.035971 0.042959
0 0.468825 0.416468 0.026379 0.021480
0 0.875300 0.414081 0.062350 0.035800
0 0.270983 0.417661 0.115108 0.052506
0 0.383693 0.402148 0.028777 0.026253
0 0.956835 0.400955 0.062350 0.047733
0 0.420863 0.402148 0.045564 0.054893
0 0.923261 0.377088 0.023981 0.023866
0 0.869305 0.371122 0.031175 0.026253
0 0.479616 0.349642 0.043165 0.040573
0 0.491607 0.317422 0.033573 0.023866
0 0.448441 0.276850 0.105516 0.085919
0 0.250600 0.229117 0.074341 0.038186
0 0.050360 0.213604 0.028777 0.021480
0 0.266187 0.187351 0.038369 0.021480
0 0.160671 0.184964 0.028777 0.021480
0 0.188249 0.168258 0.021583 0.011933
0 0.485612 0.156325 0.031175 0.026253
0 0.330935 0.156325 0.033573 0.026253
0 0.272182 0.155131 0.050360 0.038186
0 0.294964 0.120525 0.047962 0.021480
0 0.183453 0.102625 0.021583 0.038186
0 0.282974 0.084726 0.028777 0.031026
0 0.320144 0.059666 0.040767 0.033413
0 0.274580 0.053699 0.031175 0.026253
0 0.200240 0.052506 0.050360 0.047733