0 0.554255 0.946833 0.019149 0.024887
0 0.815957 0.857466 0.023404 0.027149
0 0.140426 0.774887 0.021277 0.015837
0 0.509574 0.755656 0.023404 0.031674
0 0.257447 0.695701 0.017021 0.024887
0 0.652128 0.640271 0.019149 0.022624
0 0.700000 0.623303 0.025532 0.020362
0 0.075532 0.524887 0.027660 0.031674
0 0.802128 0.486425 0.038298 0.040724
0 0.945745 0.409502 0.027660 0.018100
0 0.204255 0.412896 0.025532 0.024887
0 0.882979 0.399321 0.034043 0.024887
0 0.805319 0.394796 0.027660 0.042986
0 0.558511 0.380090 0.023404 0.027149
0 0.898936 0.364253 0.027660 0.018100
0 0.928723 0.347285 0.014894 0.015837
0 0.113830 0.349548 0.023404 0.020362
0 0.498936 0.305430 0.023404 0.027149
0 0.902128 0.286199 0.021277 0.038462
0 0.941489 0.279412 0.031915 0.038462
0 0.447872 0.273756 0.031915 0.031674
0 0.139362 0.242081 0.014894 0.013575
0 0.803191 0.152715 0.014894 0.015837
0 0.786170 0.148190 0.014894 0.015837