0 0.982249 0.958944 0.035503 0.046921
0 0.606509 0.866569 0.106509 0.073314
0 0.782544 0.768328 0.056213 0.046921
0 0.779586 0.614370 0.020710 0.014663
0 0.724852 0.587977 0.076923 0.079179
0 0.513314 0.533724 0.056213 0.041056
0 0.674556 0.467742 0.035503 0.026393
0 0.174556 0.461877 0.029586 0.032258
0 0.431953 0.354839 0.017751 0.017595
0 0.239645 0.328446 0.041420 0.029326
0 0.426036 0.315249 0.053254 0.032258
0 0.471893 0.266862 0.020710 0.023460
0 0.821006 0.247801 0.038462 0.032258
0 0.233728 0.145161 0.065089 0.043988