0 0.923295 0.928571 0.051136 0.053571
0 0.872159 0.924107 0.045455 0.050595
0 0.683239 0.913690 0.048295 0.035714
0 0.805398 0.785714 0.042614 0.053571
0 0.681818 0.785714 0.102273 0.083333
0 0.556818 0.400298 0.022727 0.020833
0 0.321023 0.395833 0.073864 0.059524
0 0.382102 0.358631 0.025568 0.014881
0 0.078125 0.250000 0.042614 0.041667
0 0.365057 0.196429 0.042614 0.089286
0 0.325284 0.163690 0.048295 0.035714
0 0.133523 0.108631 0.028409 0.020833
0 0.400568 0.096726 0.045455 0.038690
0 0.242898 0.084821 0.042614 0.044643
0 0.282670 0.080357 0.031250 0.059524
0 0.835227 0.028274 0.039773 0.032738