0 0.879653 0.810386 0.017370 0.016908
0 0.473945 0.807971 0.019851 0.026570
0 0.763027 0.641304 0.032258 0.036232
0 0.703474 0.614734 0.022333 0.021739
0 0.672457 0.562802 0.019851 0.024155
0 0.547146 0.527778 0.022333 0.026570
0 0.263027 0.486715 0.024814 0.016908
0 0.629032 0.484300 0.032258 0.026570
0 0.070720 0.481884 0.057072 0.041063
0 0.619107 0.458937 0.022333 0.019324
0 0.467742 0.468599 0.042184 0.038647
0 0.565757 0.450483 0.034739 0.065217
0 0.590571 0.410628 0.014888 0.014493
0 0.032258 0.414251 0.029777 0.041063
0 0.359801 0.382850 0.014888 0.016908
0 0.179901 0.356280 0.037221 0.045894
0 0.348635 0.291063 0.017370 0.021739
0 0.796526 0.288647 0.044665 0.045894
0 0.800248 0.228261 0.017370 0.016908
0 0.586849 0.177536 0.027295 0.036232