0 0.630890 0.944175 0.020942 0.014563
0 0.585079 0.779126 0.065445 0.033981
0 0.641361 0.776699 0.052356 0.033981
0 0.553665 0.757282 0.044503 0.029126
0 0.791885 0.745146 0.028796 0.019417
0 0.680628 0.751214 0.041885 0.036408
0 0.480366 0.733010 0.060209 0.029126
0 0.609948 0.719660 0.015707 0.012136
0 0.548429 0.712379 0.044503 0.036408
0 0.502618 0.703883 0.036649 0.024272
0 0.647906 0.691748 0.039267 0.019417
0 0.804974 0.700243 0.028796 0.041262
0 0.706806 0.703883 0.057592 0.048544
0 0.850785 0.672330 0.062827 0.043689
0 0.539267 0.665049 0.036649 0.033981
0 0.488220 0.654126 0.023560 0.021845
0 0.824607 0.635922 0.036649 0.024272
0 0.445026 0.635922 0.036649 0.024272
0 0.806283 0.603155 0.015707 0.012136
0 0.884817 0.599515 0.015707 0.014563
0 0.750000 0.598301 0.028796 0.021845
0 0.668848 0.595874 0.028796 0.026699
0 0.441099 0.601942 0.081152 0.043689
0 0.782723 0.583738 0.020942 0.016990
0 0.714660 0.569175 0.031414 0.026699
0 0.840314 0.569175 0.047120 0.046117
0 0.511780 0.557039 0.039267 0.021845
0 0.776178 0.553398 0.065445 0.048544
0 0.535340 0.537621 0.028796 0.016990
0 0.863874 0.535194 0.026178 0.016990
0 0.712042 0.536408 0.026178 0.024272
0 0.442408 0.546117 0.057592 0.048544
0 0.540576 0.508495 0.075916 0.050971
0 0.433246 0.492718 0.028796 0.029126
0 0.765707 0.490291 0.034031 0.029126
0 0.520942 0.485437 0.031414 0.024272
0 0.390052 0.478155 0.031414 0.029126
0 0.793194 0.464806 0.020942 0.016990
0 0.912304 0.468447 0.028796 0.029126
0 0.541885 0.464806 0.031414 0.026699
0 0.295812 0.486650 0.078534 0.080097
0 0.480366 0.463592 0.049738 0.043689
0 0.761780 0.445388 0.031414 0.021845
0 0.359948 0.436893 0.044503 0.033981
0 0.450262 0.428398 0.036649 0.026699
0 0.223822 0.418689 0.060209 0.026699
0 0.751309 0.410194 0.031414 0.029126
0 0.774869 0.390777 0.036649 0.019417
0 0.612565 0.381068 0.031414 0.019417
0 0.507853 0.242718 0.026178 0.019417