0 0.737209 0.896465 0.018605 0.025253
0 0.709302 0.866162 0.018605 0.020202
0 0.075581 0.820707 0.034884 0.030303
0 0.136047 0.814394 0.016279 0.022727
0 0.244186 0.800505 0.037209 0.035354
0 0.622093 0.795455 0.025581 0.040404
0 0.697674 0.785354 0.032558 0.050505
0 0.145349 0.660354 0.016279 0.032828
0 0.115116 0.627525 0.025581 0.027778
0 0.410465 0.621212 0.030233 0.035354
0 0.875581 0.582071 0.030233 0.032828
0 0.284884 0.551768 0.020930 0.022727
0 0.501163 0.472222 0.025581 0.025253
0 0.523256 0.463384 0.013953 0.017677
0 0.472093 0.462121 0.027907 0.035354
0 0.302326 0.443182 0.032558 0.032828
0 0.122093 0.425505 0.016279 0.027778
0 0.395349 0.405303 0.013953 0.022727
0 0.572093 0.347222 0.013953 0.032828
0 0.389535 0.323232 0.020930 0.020202
0 0.075581 0.315657 0.016279 0.015152
0 0.101163 0.306818 0.016279 0.022727
0 0.345349 0.294192 0.034884 0.027778
0 0.956977 0.287879 0.025581 0.030303
0 0.610465 0.285354 0.072093 0.065657
0 0.863953 0.223485 0.030233 0.032828
0 0.562791 0.181818 0.032558 0.030303
0 0.231395 0.171717 0.039535 0.035354
0 0.039535 0.150253 0.037209 0.032828
0 0.226744 0.133838 0.030233 0.030303
0 0.691860 0.070707 0.020930 0.040404
0 0.205814 0.047980 0.048837 0.050505