0 0.387887 0.980315 0.048969 0.023622
0 0.744845 0.929134 0.025773 0.026247
0 0.442010 0.919948 0.023196 0.023622
0 0.458763 0.805774 0.020619 0.015748
0 0.733247 0.796588 0.028351 0.023622
0 0.746134 0.759843 0.028351 0.023622
0 0.384021 0.775591 0.067010 0.060367
0 0.418814 0.738845 0.018041 0.013123
0 0.789948 0.730971 0.028351 0.028871
0 0.778351 0.678478 0.020619 0.028871
0 0.411082 0.677165 0.028351 0.026247
0 0.658505 0.610236 0.028351 0.028871
0 0.371134 0.555118 0.030928 0.028871
0 0.431701 0.524934 0.048969 0.031496
0 0.753866 0.439633 0.043814 0.028871
0 0.386598 0.430446 0.020619 0.020997
0 0.358247 0.427822 0.030928 0.031496
0 0.909794 0.413386 0.020619 0.023622
0 0.577320 0.312336 0.020619 0.020997
0 0.353093 0.301837 0.041237 0.031496
0 0.269330 0.283465 0.018041 0.020997
0 0.280928 0.207349 0.030928 0.020997
0 0.498711 0.192913 0.038660 0.018373
0 0.322165 0.131234 0.025773 0.026247
0 0.333763 0.059055 0.023196 0.018373