0 0.257143 0.787129 0.016327 0.017822
0 0.357143 0.769307 0.048980 0.045545
0 0.264286 0.746535 0.055102 0.031683
0 0.455102 0.725743 0.016327 0.013861
0 0.376531 0.729703 0.022449 0.021782
0 0.315306 0.725743 0.026531 0.017822
0 0.251020 0.723762 0.032653 0.025743
0 0.301020 0.699010 0.022449 0.027723
0 0.236735 0.698020 0.061224 0.029703
0 0.347959 0.690099 0.022449 0.021782
0 0.542857 0.684158 0.020408 0.025743
0 0.247959 0.674257 0.018367 0.013861
0 0.516327 0.654455 0.020408 0.017822
0 0.285714 0.659406 0.024490 0.035644
0 0.487755 0.650495 0.028571 0.045545
0 0.450000 0.640594 0.022449 0.025743
0 0.476531 0.619802 0.022449 0.019802
0 0.581633 0.618812 0.040816 0.025743
0 0.296939 0.601980 0.022449 0.023762
0 0.438776 0.599010 0.016327 0.021782
0 0.611224 0.578218 0.022449 0.015842
0 0.403061 0.570297 0.022449 0.019802
0 0.437755 0.566337 0.014286 0.015842
0 0.652041 0.564356 0.026531 0.023762
0 0.540816 0.563366 0.032653 0.029703
0 0.497959 0.576238 0.032653 0.059406
0 0.579592 0.549505 0.036735 0.021782
0 0.619388 0.548515 0.022449 0.027723
0 0.469388 0.546535 0.024490 0.027723
0 0.668367 0.541584 0.026531 0.021782
0 0.505102 0.521782 0.022449 0.025743
0 0.729592 0.511881 0.018367 0.013861
0 0.729592 0.490099 0.026531 0.025743
0 0.734694 0.442574 0.048980 0.037624
0 0.669388 0.393069 0.044898 0.029703
0 0.701020 0.371287 0.022449 0.025743
0 0.852041 0.365347 0.026531 0.029703
0 0.696939 0.342574 0.022449 0.023762
0 0.740816 0.334653 0.020408 0.019802
0 0.653061 0.329703 0.020408 0.025743