0 0.096512 0.910023 0.025581 0.025057
0 0.095349 0.883827 0.018605 0.013667
0 0.051163 0.881549 0.018605 0.013667
0 0.170930 0.869021 0.011628 0.011390
0 0.027907 0.857631 0.013953 0.011390
0 0.501163 0.842825 0.011628 0.009112
0 0.072093 0.839408 0.013953 0.011390
0 0.203488 0.833713 0.011628 0.009112
0 0.475581 0.831435 0.020930 0.018223
0 0.566279 0.822323 0.016279 0.009112
0 0.098837 0.832574 0.044186 0.038724
0 0.054651 0.806378 0.020930 0.018223
0 0.495349 0.802961 0.046512 0.015945
0 0.163953 0.801822 0.011628 0.013667
0 0.096512 0.788155 0.016279 0.013667
0 0.731395 0.784738 0.011628 0.011390
0 0.052326 0.783599 0.025581 0.013667
0 0.117442 0.730068 0.016279 0.011390
0 0.913953 0.718679 0.009302 0.011390
0 0.055814 0.703872 0.013953 0.013667
0 0.359302 0.698178 0.016279 0.015945
0 0.505814 0.694761 0.011628 0.013667
0 0.393023 0.691344 0.009302 0.011390
0 0.073256 0.691344 0.016279 0.011390
0 0.091860 0.679954 0.016279 0.015945
0 0.375581 0.664009 0.011628 0.011390
0 0.390698 0.653759 0.013953 0.013667
0 0.470930 0.600228 0.034884 0.029613
0 0.010465 0.585421 0.006977 0.013667
0 0.458140 0.553531 0.027907 0.022779
0 0.204651 0.505695 0.009302 0.009112
0 0.952326 0.505695 0.030233 0.027335
0 0.024419 0.455581 0.016279 0.013667
0 0.519767 0.435080 0.016279 0.013667
0 0.160465 0.429385 0.018605 0.015945
0 0.197674 0.394077 0.018605 0.018223
0 0.484884 0.366743 0.020930 0.018223
0 0.437209 0.365604 0.018605 0.015945
0 0.093023 0.361048 0.027907 0.020501
0 0.037209 0.355353 0.009302 0.009112
0 0.048837 0.337130 0.013953 0.013667
0 0.289535 0.318907 0.020930 0.013667
0 0.500000 0.312073 0.013953 0.009112
0 0.482558 0.309795 0.011628 0.009112
0 0.375581 0.272210 0.016279 0.015945
0 0.343023 0.267654 0.039535 0.015945
0 0.693023 0.253986 0.013953 0.011390
0 0.358140 0.252847 0.013953 0.013667
0 0.382558 0.239180 0.016279 0.018223
0 0.430233 0.240319 0.037209 0.025057
0 0.504651 0.220957 0.032558 0.018223
0 0.367442 0.211845 0.013953 0.009112
0 0.290698 0.209567 0.018605 0.013667
0 0.465116 0.179954 0.027907 0.018223
0 0.406977 0.167426 0.013953 0.011390
0 0.530233 0.164009 0.013953 0.013667
0 0.196512 0.164009 0.025581 0.013667
0 0.325581 0.161731 0.013953 0.013667
0 0.502326 0.156036 0.013953 0.011390
0 0.386047 0.154897 0.018605 0.013667
0 0.519767 0.128702 0.016279 0.011390
0 0.513953 0.075171 0.032558 0.050114
0 0.770930 0.055809 0.044186 0.029613
0 0.705814 0.042141 0.016279 0.015945
0 0.623256 0.021640 0.018605 0.020501
0 0.681395 0.017084 0.027907 0.025057