0 0.431122 0.925879 0.010204 0.012563
0 0.496173 0.909548 0.007653 0.010050
0 0.461735 0.910804 0.010204 0.012563
0 0.596939 0.902010 0.015306 0.015075
0 0.414541 0.905779 0.038265 0.022613
0 0.553571 0.907035 0.020408 0.030151
0 0.325255 0.895729 0.012755 0.012563
0 0.488520 0.895729 0.017857 0.022613
0 0.346939 0.890704 0.015306 0.012563
0 0.577806 0.885678 0.017857 0.012563
0 0.447704 0.888191 0.017857 0.017588
0 0.623724 0.881910 0.012755 0.010050
0 0.512755 0.880653 0.010204 0.012563
0 0.593112 0.876884 0.012755 0.010050
0 0.636480 0.868090 0.012755 0.012563
0 0.582908 0.866834 0.007653 0.010050
0 0.432398 0.868090 0.012755 0.012563
0 0.485969 0.865578 0.017857 0.017588
0 0.665816 0.861809 0.020408 0.015075
0 0.363520 0.863065 0.017857 0.017588
0 0.633929 0.851759 0.012755 0.015075
0 0.521684 0.847990 0.038265 0.012563
0 0.340561 0.846734 0.028061 0.010050
0 0.262755 0.849246 0.035714 0.015075
0 0.723214 0.849246 0.033163 0.040201
0 0.697704 0.835427 0.012755 0.012563
0 0.664541 0.831658 0.012755 0.010050
0 0.418367 0.829146 0.010204 0.010050
0 0.778061 0.829146 0.015306 0.015075
0 0.715561 0.820352 0.017857 0.012563
0 0.438776 0.812814 0.025510 0.017588
0 0.391582 0.814070 0.017857 0.020101
0 0.697704 0.806533 0.012755 0.015075
0 0.214286 0.806533 0.015306 0.020101
0 0.306122 0.793970 0.015306 0.015075
0 0.390306 0.788945 0.010204 0.010050
0 0.441327 0.778894 0.010204 0.010050
0 0.534439 0.775126 0.017857 0.012563
0 0.368622 0.776382 0.017857 0.015075
0 0.558673 0.772613 0.015306 0.012563
0 0.502551 0.767588 0.010204 0.007538
0 0.480867 0.766332 0.012755 0.010050
0 0.665816 0.760050 0.010204 0.012563
0 0.459184 0.755025 0.010204 0.007538
0 0.196429 0.757538 0.020408 0.012563
0 0.640306 0.753769 0.020408 0.020101
0 0.505102 0.747487 0.010204 0.012563
0 0.466837 0.746231 0.010204 0.010050
0 0.719388 0.772613 0.040816 0.067839
0 0.682398 0.742462 0.022959 0.022613
0 0.728316 0.729899 0.012755 0.012563
0 0.492347 0.729899 0.015306 0.012563
0 0.693878 0.711055 0.015306 0.015075
0 0.144133 0.699749 0.012755 0.012563
0 0.132653 0.703518 0.015306 0.020101
0 0.707908 0.697236 0.012755 0.012563
0 0.471939 0.699749 0.015306 0.017588
0 0.007653 0.699749 0.015306 0.017588
0 0.637755 0.697236 0.040816 0.032663
0 0.242347 0.688442 0.025510 0.020101
0 0.558673 0.677136 0.010204 0.012563
0 0.279337 0.678392 0.022959 0.020101
0 0.511480 0.673367 0.012755 0.015075
0 0.186224 0.673367 0.015306 0.015075
0 0.161990 0.672111 0.017857 0.017588
0 0.247449 0.664573 0.015306 0.012563
0 0.028061 0.664573 0.025510 0.022613
0 0.163265 0.653266 0.015306 0.015075
0 0.530612 0.648241 0.015306 0.015075
0 0.211735 0.643216 0.015306 0.015075
0 0.622449 0.639447 0.015306 0.012563
0 0.765306 0.605528 0.015306 0.015075
0 0.114796 0.611809 0.025510 0.032663
0 0.250000 0.600503 0.015306 0.015075
0 0.281888 0.603015 0.028061 0.025126
0 0.508929 0.577889 0.017857 0.020101
0 0.872449 0.577889 0.025510 0.025126
0 0.461735 0.571608 0.020408 0.022613
0 0.806122 0.581658 0.051020 0.052764
0 0.660714 0.547739 0.025510 0.015075
0 0.149235 0.543970 0.017857 0.017588
0 0.205357 0.533920 0.017857 0.017588
0 0.511480 0.533920 0.033163 0.042714
0 0.756378 0.506281 0.017857 0.012563
0 0.818878 0.505025 0.015306 0.015075
0 0.167092 0.500000 0.022959 0.025126
0 0.084184 0.488693 0.010204 0.012563
0 0.104592 0.476131 0.010204 0.012563
0 0.836735 0.473618 0.025510 0.012563
0 0.889031 0.459799 0.017857 0.020101
0 0.716837 0.447236 0.015306 0.015075
0 0.378827 0.442211 0.017857 0.015075
0 0.250000 0.430905 0.025510 0.037688
0 0.145408 0.418342 0.010204 0.012563
0 0.442602 0.419598 0.028061 0.020101
0 0.687500 0.410804 0.017857 0.017588
0 0.464286 0.404523 0.015306 0.015075
0 0.392857 0.398241 0.020408 0.022613
0 0.317602 0.396985 0.028061 0.035176
0 0.721939 0.368090 0.020408 0.017588
0 0.512755 0.365578 0.015306 0.017588
0 0.440051 0.378141 0.058673 0.057789
0 0.581633 0.345477 0.015306 0.012563
0 0.896684 0.342965 0.022959 0.022613
0 0.858418 0.339196 0.017857 0.015075
0 0.613520 0.337940 0.012755 0.012563
0 0.308673 0.342965 0.020408 0.022613
0 0.276786 0.339196 0.017857 0.015075
0 0.367347 0.369347 0.066327 0.080402
0 0.415816 0.334171 0.015306 0.015075
0 0.528061 0.334171 0.030612 0.020101
0 0.836735 0.332915 0.030612 0.027638
0 0.890306 0.314070 0.015306 0.015075
0 0.758929 0.322864 0.017857 0.032663
0 0.482143 0.314070 0.015306 0.015075
0 0.321429 0.310302 0.020408 0.017588
0 0.378827 0.307789 0.017857 0.017588
0 0.977041 0.307789 0.020408 0.027638
0 0.515306 0.304020 0.030612 0.020101
0 0.423469 0.292714 0.015306 0.012563
0 0.455357 0.310302 0.033163 0.057789
0 0.739796 0.300251 0.035714 0.047739
0 0.553571 0.293970 0.035714 0.035176
0 0.399235 0.292714 0.017857 0.032663
0 0.321429 0.282663 0.020408 0.017588
0 0.591837 0.285176 0.025510 0.027638
0 0.974490 0.275126 0.015306 0.012563
0 0.487245 0.286432 0.025510 0.035176
0 0.529337 0.273869 0.028061 0.030151
0 0.938776 0.258794 0.020408 0.015075
0 0.461735 0.256281 0.010204 0.010050
0 0.289541 0.262563 0.022959 0.022613
0 0.479592 0.255025 0.015306 0.012563
0 0.665816 0.252513 0.010204 0.012563
0 0.387755 0.256281 0.025510 0.025126
0 0.789541 0.248744 0.017857 0.015075
0 0.359694 0.270101 0.035714 0.057789
0 0.427296 0.248744 0.022959 0.020101
0 0.595663 0.248744 0.022959 0.025126
0 0.326531 0.246231 0.025510 0.025126
0 0.670918 0.237437 0.015306 0.012563
0 0.540816 0.246231 0.030612 0.030151
0 0.493622 0.234925 0.012755 0.012563
0 0.764031 0.224874 0.017857 0.012563
0 0.690051 0.227387 0.017857 0.017588
0 0.524235 0.221106 0.033163 0.015075
0 0.724490 0.216080 0.020408 0.015075
0 0.400510 0.217337 0.020408 0.017588
0 0.957908 0.209799 0.012755 0.012563
0 0.357143 0.212312 0.015306 0.017588
0 0.656888 0.195980 0.017857 0.015075
0 0.599490 0.198492 0.035714 0.030151