0 0.948549 0.964986 0.055409 0.047619
0 0.887863 0.931373 0.050132 0.086835
0 0.531662 0.661064 0.023747 0.028011
0 0.364116 0.634454 0.026385 0.025210
0 0.819261 0.641457 0.050132 0.067227
0 0.601583 0.623249 0.036939 0.036415
0 0.977573 0.635854 0.039578 0.067227
0 0.729551 0.593838 0.029024 0.028011
0 0.638522 0.596639 0.036939 0.033613
0 0.050132 0.596639 0.042216 0.078431
0 0.199208 0.505602 0.034301 0.025210
0 0.704485 0.483193 0.031662 0.030812
0 0.014512 0.473389 0.023747 0.028011
0 0.228232 0.464986 0.023747 0.022409
0 0.382586 0.480392 0.073879 0.064426
0 0.803430 0.436975 0.039578 0.022409
0 0.720317 0.417367 0.021108 0.022409
0 0.684697 0.350140 0.018470 0.022409
0 0.952507 0.330532 0.036939 0.039216
0 0.974934 0.294118 0.023747 0.028011
0 0.721636 0.284314 0.029024 0.030812
0 0.250660 0.289916 0.047493 0.047619
0 0.468338 0.264706 0.034301 0.030812
0 0.340369 0.253501 0.042216 0.047619
0 0.675462 0.249300 0.047493 0.061625
0 0.273087 0.217087 0.034301 0.036415
0 0.779683 0.210084 0.034301 0.039216
0 0.415567 0.211485 0.039578 0.047619
0 0.154354 0.176471 0.081794 0.061625