0 0.123223 0.934729 0.037915 0.027094
0 0.441943 0.868227 0.021327 0.022167
0 0.659953 0.849754 0.026066 0.019704
0 0.632701 0.802956 0.037915 0.034483
0 0.049763 0.793103 0.037915 0.024631
0 0.310427 0.795567 0.056872 0.044335
0 0.183649 0.729064 0.026066 0.014778
0 0.540284 0.730296 0.061611 0.061576
0 0.819905 0.717980 0.037915 0.041872
0 0.033175 0.714286 0.023697 0.034483
0 0.112559 0.677340 0.040284 0.029557
0 0.642180 0.669951 0.037915 0.024631
0 0.686019 0.634236 0.030806 0.032020
0 0.558057 0.623153 0.016588 0.014778
0 0.046209 0.602217 0.021327 0.022167
0 0.790284 0.573892 0.021327 0.019704
0 0.816351 0.527094 0.054502 0.054187
0 0.721564 0.491379 0.035545 0.036946
0 0.877962 0.475369 0.049763 0.059113
0 0.876777 0.416256 0.037915 0.034483
0 0.167062 0.413793 0.063981 0.034483
0 0.920616 0.402709 0.054502 0.061576
0 0.469194 0.349754 0.037915 0.024631
0 0.917062 0.349754 0.042654 0.039409
0 0.708531 0.302956 0.042654 0.024631
0 0.092417 0.295567 0.047393 0.044335
0 0.404028 0.231527 0.021327 0.019704
0 0.867299 0.204433 0.028436 0.019704
0 0.639810 0.177340 0.033175 0.029557
0 0.580569 0.150246 0.033175 0.039409
0 0.930095 0.173645 0.092417 0.096059
0 0.060427 0.082512 0.040284 0.032020