0 0.414062 0.971910 0.015625 0.015730
0 0.309152 0.926966 0.011161 0.011236
0 0.655134 0.929213 0.024554 0.024719
0 0.275670 0.919101 0.020089 0.022472
0 0.397321 0.895506 0.017857 0.015730
0 0.324777 0.873034 0.020089 0.020225
0 0.438616 0.866292 0.015625 0.015730
0 0.383929 0.843820 0.031250 0.024719
0 0.475446 0.810112 0.017857 0.015730
0 0.233259 0.793258 0.011161 0.008989
0 0.254464 0.777528 0.022321 0.017978
0 0.138393 0.750562 0.013393 0.008989
0 0.435268 0.752809 0.017857 0.017978
0 0.277902 0.749438 0.011161 0.011236
0 0.195312 0.675281 0.033482 0.020225
0 0.013393 0.607865 0.017857 0.020225
0 0.209821 0.558427 0.017857 0.015730
0 0.899554 0.489888 0.017857 0.022472
0 0.529018 0.482022 0.022321 0.029213
0 0.186384 0.477528 0.020089 0.024719
0 0.450893 0.457303 0.031250 0.033708
0 0.206473 0.419101 0.011161 0.011236
0 0.238839 0.410112 0.013393 0.011236
0 0.128348 0.386517 0.020089 0.017978
0 0.641741 0.380899 0.020089 0.015730
0 0.232143 0.368539 0.013393 0.013483
0 0.054688 0.343820 0.011161 0.013483
0 0.265625 0.251685 0.013393 0.008989
0 0.275670 0.230337 0.015625 0.015730
0 0.159598 0.186517 0.011161 0.013483
0 0.147321 0.173034 0.013393 0.013483
0 0.600446 0.164045 0.013393 0.017978
0 0.303571 0.150562 0.026786 0.017978
0 0.381696 0.125843 0.013393 0.013483
0 0.555804 0.110112 0.035714 0.017978
0 0.204241 0.098876 0.020089 0.017978
0 0.370536 0.083146 0.017857 0.013483
0 0.421875 0.082022 0.017857 0.015730
0 0.323661 0.078652 0.026786 0.040449
0 0.767857 0.058427 0.017857 0.017978
0 0.641741 0.059551 0.015625 0.020225
0 0.444196 0.046067 0.017857 0.015730
0 0.145089 0.047191 0.017857 0.017978