0 0.285912 0.905248 0.019337 0.020408
0 0.734807 0.779883 0.049724 0.055394
0 0.538674 0.771137 0.038674 0.049563
0 0.656077 0.752187 0.046961 0.069971
0 0.497238 0.711370 0.027624 0.034985
0 0.262431 0.676385 0.022099 0.017493
0 0.248619 0.413994 0.038674 0.046647
0 0.453039 0.409621 0.038674 0.055394
0 0.715470 0.349854 0.027624 0.023324
0 0.352210 0.309038 0.019337 0.023324
0 0.240331 0.307580 0.027624 0.037901
0 0.588398 0.272595 0.022099 0.026239
0 0.534530 0.285714 0.129834 0.169096
0 0.509669 0.189504 0.035912 0.052478
0 0.560773 0.174927 0.033149 0.040816
0 0.476519 0.135569 0.030387 0.026239
0 0.411602 0.139942 0.066298 0.081633