0 0.530303 0.881029 0.036364 0.038585
0 0.374242 0.845659 0.045455 0.045016
0 0.136364 0.448553 0.024242 0.022508
0 0.421212 0.400322 0.036364 0.041801
0 0.372727 0.356913 0.030303 0.032154
0 0.660606 0.358521 0.030303 0.041801
0 0.124242 0.276527 0.030303 0.038585
0 0.084848 0.244373 0.030303 0.025723
0 0.134848 0.229904 0.069697 0.048232
0 0.078788 0.180064 0.036364 0.032154
0 0.184848 0.170418 0.024242 0.025723
0 0.316667 0.168810 0.027273 0.035370
0 0.221212 0.165595 0.024242 0.041801
0 0.125758 0.159164 0.021212 0.035370
0 0.428788 0.053055 0.027273 0.028939
0 0.134848 0.027331 0.033333 0.028939