0 0.265499 0.941691 0.024259 0.029155
0 0.203504 0.835277 0.024259 0.032070
0 0.303235 0.836735 0.083558 0.087464
0 0.371968 0.781341 0.021563 0.029155
0 0.477089 0.711370 0.021563 0.034985
0 0.179245 0.686589 0.013477 0.020408
0 0.284367 0.682216 0.035040 0.034985
0 0.396226 0.654519 0.021563 0.020408
0 0.458221 0.638484 0.032345 0.023324
0 0.521563 0.602041 0.024259 0.014577
0 0.311321 0.549563 0.024259 0.026239
0 0.203504 0.548105 0.024259 0.046647
0 0.159030 0.511662 0.021563 0.032070
0 0.699461 0.481050 0.018868 0.023324
0 0.866577 0.470845 0.045822 0.020408
0 0.315364 0.430029 0.021563 0.014577
0 0.911051 0.430029 0.053908 0.055394
0 0.316712 0.408163 0.018868 0.023324
0 0.272237 0.399417 0.026954 0.023324
0 0.754717 0.367347 0.016173 0.017493
0 0.176550 0.327988 0.035040 0.026239
0 0.812668 0.313411 0.024259 0.026239
0 0.036388 0.182216 0.013477 0.014577
0 0.357143 0.161808 0.018868 0.026239
0 0.297844 0.045190 0.024259 0.026239
0 0.826146 0.033528 0.040431 0.043732