0 0.802273 0.928235 0.031818 0.021176
0 0.877273 0.844706 0.013636 0.014118
0 0.665909 0.844706 0.027273 0.028235
0 0.700000 0.823529 0.027273 0.023529
0 0.626136 0.823529 0.034091 0.042353
0 0.611364 0.790588 0.018182 0.014118
0 0.892045 0.781176 0.025000 0.023529
0 0.661364 0.785882 0.027273 0.032941
0 0.721591 0.767059 0.034091 0.032941
0 0.867045 0.751765 0.020455 0.021176
0 0.939773 0.712941 0.020455 0.018824
0 0.838636 0.702353 0.013636 0.021176
0 0.812500 0.676471 0.020455 0.021176
0 0.611364 0.671765 0.018182 0.021176
0 0.582955 0.667059 0.025000 0.021176
0 0.660227 0.662353 0.034091 0.040000
0 0.889773 0.638824 0.029545 0.021176
0 0.851136 0.618824 0.015909 0.014118
0 0.410227 0.618824 0.020455 0.018824
0 0.440909 0.608235 0.036364 0.025882
0 0.576136 0.592941 0.029545 0.023529
0 0.895455 0.571765 0.022727 0.023529
0 0.587500 0.569412 0.025000 0.018824
0 0.637500 0.565882 0.020455 0.016471
0 0.564773 0.561176 0.015909 0.016471
0 0.842045 0.560000 0.015909 0.018824
0 0.317045 0.551765 0.029545 0.021176
0 0.926136 0.544706 0.020455 0.021176
0 0.718182 0.542353 0.027273 0.025882
0 0.288636 0.524706 0.018182 0.014118
0 0.680682 0.521176 0.025000 0.030588
0 0.377273 0.491765 0.022727 0.023529
0 0.347727 0.476471 0.040909 0.054118
0 0.414773 0.465882 0.029545 0.037647
0 0.355682 0.434118 0.065909 0.040000
0 0.387500 0.407059 0.025000 0.028235
0 0.332955 0.405882 0.025000 0.030588
0 0.275000 0.410588 0.050000 0.049412
0 0.445455 0.382353 0.022727 0.016471
0 0.379545 0.367059 0.018182 0.023529
0 0.244318 0.369412 0.034091 0.042353
0 0.420455 0.348235 0.031818 0.023529
0 0.488636 0.335294 0.013636 0.016471
0 0.925000 0.328235 0.027273 0.025882
0 0.534091 0.331765 0.027273 0.037647
0 0.250000 0.315294 0.013636 0.014118
0 0.212500 0.324706 0.047727 0.037647
0 0.309091 0.297647 0.018182 0.021176
0 0.582955 0.303529 0.043182 0.051765
0 0.555682 0.281176 0.015909 0.016471
0 0.746591 0.267059 0.015909 0.016471
0 0.456818 0.241176 0.031818 0.021176
0 0.586364 0.237647 0.027273 0.032941
0 0.297727 0.230588 0.036364 0.037647
0 0.214773 0.202353 0.015909 0.014118
0 0.663636 0.189412 0.022727 0.025882
0 0.722727 0.149412 0.018182 0.016471