0 0.594655 0.969631 0.062361 0.047722
0 0.495546 0.958785 0.042316 0.043384
0 0.316258 0.901302 0.031180 0.028200
0 0.699332 0.836226 0.031180 0.028200
0 0.479955 0.811280 0.024499 0.043384
0 0.310690 0.804772 0.046771 0.047722
0 0.399777 0.795011 0.046771 0.067245
0 0.075724 0.738612 0.044543 0.041215
0 0.912027 0.624729 0.020045 0.026030
0 0.766147 0.621475 0.040089 0.041215
0 0.716036 0.594360 0.037862 0.047722
0 0.181514 0.578091 0.024499 0.019523
0 0.810690 0.571584 0.026726 0.028200
0 0.930958 0.566161 0.022272 0.026030
0 0.634744 0.555315 0.062361 0.043384
0 0.658129 0.514100 0.028953 0.034707
0 0.767261 0.504338 0.051225 0.062907
0 0.826281 0.478308 0.035635 0.036876
0 0.818486 0.421909 0.024499 0.028200
0 0.639198 0.438178 0.040089 0.060738
0 0.321826 0.420824 0.037862 0.034707
0 0.723831 0.348156 0.057906 0.054230
0 0.900891 0.291757 0.055679 0.067245
0 0.486637 0.270065 0.042316 0.045553
0 0.668151 0.262473 0.044543 0.047722
0 0.503341 0.226681 0.026726 0.023861
0 0.433185 0.133406 0.037862 0.036876
0 0.984410 0.105206 0.026726 0.023861
0 0.876392 0.097614 0.042316 0.043384
0 0.493318 0.078091 0.037862 0.039046
0 0.673719 0.072668 0.033408 0.036876
0 0.908686 0.050976 0.017817 0.019523
0 0.815145 0.033623 0.044543 0.041215