0 0.118812 0.545333 0.029703 0.029333
0 0.224010 0.358667 0.056931 0.040000
0 0.495050 0.353333 0.049505 0.040000
0 0.408416 0.297333 0.024752 0.029333
0 0.147277 0.269333 0.027228 0.026667
0 0.345297 0.248000 0.017327 0.021333
0 0.419554 0.224000 0.017327 0.005333
0 0.434406 0.213333 0.012376 0.010667
0 0.888614 0.209333 0.019802 0.013333
0 0.933168 0.208000 0.029703 0.042667
0 0.903465 0.176000 0.014851 0.010667
0 0.882426 0.177333 0.012376 0.013333
0 0.922030 0.176000 0.017327 0.016000
0 0.393564 0.186667 0.024752 0.037333
0 0.194307 0.168000 0.027228 0.026667
0 0.351485 0.154667 0.024752 0.021333
0 0.105198 0.145333 0.022277 0.024000