0 0.965293 0.979866 0.008677 0.008949
0 0.699566 0.881432 0.010846 0.013423
0 0.560738 0.843400 0.019523 0.022371
0 0.469631 0.817673 0.032538 0.029083
0 0.667028 0.757271 0.010846 0.011186
0 0.513015 0.748322 0.023861 0.029083
0 0.261388 0.722595 0.045553 0.049217
0 0.453362 0.694631 0.013015 0.011186
0 0.638829 0.689038 0.019523 0.022371
0 0.785249 0.545861 0.034707 0.062640
0 0.355748 0.498881 0.017354 0.017897
0 0.557484 0.470917 0.030369 0.033557
0 0.873102 0.398210 0.015184 0.017897
0 0.321041 0.385906 0.039046 0.042506
0 0.109544 0.208054 0.019523 0.022371
0 0.219089 0.174497 0.013015 0.017897
0 0.101952 0.139821 0.013015 0.011186
0 0.032538 0.112975 0.021692 0.024609