0 0.448980 0.896893 0.011662 0.014124
0 0.405248 0.896893 0.029155 0.025424
0 0.379009 0.851695 0.029155 0.031073
0 0.425656 0.841808 0.034985 0.028249
0 0.392128 0.788136 0.049563 0.033898
0 0.354227 0.764124 0.043732 0.048023
0 0.236152 0.750000 0.023324 0.025424
0 0.365889 0.721751 0.026239 0.014124
0 0.208455 0.724576 0.026239 0.025424
0 0.294461 0.730226 0.069971 0.053672
0 0.155977 0.706215 0.026239 0.028249
0 0.259475 0.693503 0.017493 0.019774
0 0.309038 0.690678 0.023324 0.025424
0 0.204082 0.680791 0.046647 0.062147
0 0.138484 0.656780 0.020408 0.025424
0 0.183673 0.644068 0.040816 0.039548
0 0.160350 0.629944 0.011662 0.011299
0 0.291545 0.641243 0.040816 0.039548
0 0.237609 0.637006 0.032070 0.042373
0 0.059767 0.621469 0.020408 0.028249
0 0.179300 0.607345 0.014577 0.016949
0 0.224490 0.586158 0.040816 0.031073
0 0.591837 0.459040 0.064140 0.070621
0 0.632653 0.436441 0.040816 0.042373
0 0.561224 0.367232 0.037901 0.033898
0 0.390671 0.257062 0.023324 0.022599
0 0.412536 0.238701 0.026239 0.025424