0 0.597716 0.962667 0.048223 0.058667
0 0.369289 0.816000 0.027919 0.042667
0 0.345178 0.604000 0.020305 0.029333
0 0.401015 0.524000 0.025381 0.034667
0 0.068528 0.517333 0.030457 0.042667
0 0.478426 0.462667 0.012690 0.018667
0 0.526650 0.446667 0.012690 0.024000
0 0.779188 0.440000 0.020305 0.021333
0 0.582487 0.446667 0.027919 0.034667
0 0.118020 0.433333 0.022843 0.029333
0 0.637056 0.432000 0.035533 0.042667
0 0.572335 0.409333 0.022843 0.024000
0 0.558376 0.384000 0.010152 0.016000
0 0.725888 0.378667 0.035533 0.032000
0 0.936548 0.369333 0.020305 0.034667
0 0.194162 0.354667 0.017766 0.021333
0 0.102792 0.346667 0.043147 0.037333
0 0.761421 0.365333 0.065990 0.080000
0 0.182741 0.336000 0.010152 0.021333
0 0.710660 0.337333 0.025381 0.034667
0 0.870558 0.340000 0.035533 0.050667
0 0.656091 0.378667 0.139594 0.149333
0 0.535533 0.312000 0.030457 0.032000
0 0.053299 0.304000 0.015228 0.016000
0 0.026650 0.301333 0.038071 0.053333
0 0.583756 0.285333 0.035533 0.042667
0 0.492386 0.292000 0.040609 0.056000
0 0.050761 0.253333 0.025381 0.021333
0 0.914975 0.252000 0.027919 0.024000
0 0.777919 0.234667 0.022843 0.032000
0 0.769036 0.312000 0.197970 0.186667
0 0.635787 0.268000 0.063452 0.109333
0 0.497462 0.229333 0.025381 0.032000
0 0.444162 0.212000 0.035533 0.034667
0 0.532995 0.240000 0.055838 0.106667
0 0.134518 0.170667 0.020305 0.026667
0 0.442893 0.165333 0.032995 0.026667
0 0.624365 0.162667 0.045685 0.032000
0 0.138325 0.138667 0.017766 0.021333
0 0.098985 0.129333 0.030457 0.024000
0 0.625635 0.116000 0.022843 0.013333
0 0.416244 0.122667 0.020305 0.032000
0 0.071066 0.098667 0.015228 0.016000
0 0.700508 0.096000 0.015228 0.021333
0 0.091371 0.088000 0.015228 0.016000
0 0.059645 0.085333 0.007614 0.010667
0 0.502538 0.085333 0.035533 0.037333
0 0.077411 0.069333 0.027919 0.026667
0 0.645939 0.066667 0.027919 0.026667
0 0.614213 0.064000 0.020305 0.026667
0 0.845178 0.046667 0.035533 0.040000
0 0.538071 0.037333 0.035533 0.026667
0 0.401015 0.026667 0.020305 0.021333