0 0.711842 0.978814 0.023684 0.019774
0 0.138158 0.977401 0.018421 0.022599
0 0.684211 0.975989 0.026316 0.025424
0 0.018421 0.968927 0.021053 0.022599
0 0.728947 0.957627 0.015789 0.011299
0 0.119737 0.961864 0.034211 0.036723
0 0.088158 0.942090 0.023684 0.025424
0 0.051316 0.929379 0.039474 0.028249
0 0.017105 0.919492 0.018421 0.019774
0 0.432895 0.908192 0.013158 0.019774
0 0.942105 0.908192 0.036842 0.036723
0 0.842105 0.906780 0.047368 0.045198
0 0.718421 0.814972 0.042105 0.036723
0 0.898684 0.748588 0.028947 0.016949
0 0.611842 0.687853 0.050000 0.025424
0 0.123684 0.700565 0.042105 0.056497
0 0.271053 0.652542 0.031579 0.028249
0 0.134211 0.615819 0.026316 0.016949
0 0.740789 0.615819 0.018421 0.022599
0 0.352632 0.577684 0.015789 0.014124
0 0.110526 0.573446 0.021053 0.039548
0 0.335526 0.556497 0.028947 0.028249
0 0.146053 0.538136 0.028947 0.036723
0 0.289474 0.515537 0.026316 0.019774
0 0.176316 0.519774 0.026316 0.056497
0 0.194737 0.468927 0.057895 0.050847
0 0.160526 0.437853 0.015789 0.016949
0 0.778947 0.439266 0.036842 0.042373
0 0.313158 0.430791 0.021053 0.025424
0 0.232895 0.405367 0.028947 0.036723
0 0.765789 0.388418 0.021053 0.019774
0 0.773684 0.326271 0.036842 0.036723
0 0.760526 0.272599 0.015789 0.019774
0 0.619737 0.176554 0.039474 0.042373
0 0.085526 0.172316 0.018421 0.039548
0 0.057895 0.156780 0.031579 0.031073
0 0.798684 0.145480 0.028947 0.031073
0 0.823684 0.088983 0.021053 0.019774
0 0.563158 0.064972 0.026316 0.028249
0 0.794737 0.056497 0.042105 0.045198
0 0.715789 0.028249 0.026316 0.022599
0 0.502632 0.042373 0.042105 0.050847
0 0.686842 0.025424 0.021053 0.022599