0 0.802147 0.701422 0.018405 0.022117
0 0.483896 0.610585 0.013804 0.017378
0 0.360429 0.488152 0.021472 0.015798
0 0.265337 0.477093 0.033742 0.022117
0 0.365798 0.386256 0.023006 0.020537
0 0.439417 0.342812 0.023006 0.022117
0 0.740031 0.337283 0.029141 0.030016
0 0.183282 0.314376 0.013804 0.012638
0 0.470092 0.308057 0.023006 0.028436
0 0.709356 0.290679 0.013804 0.018957
0 0.534509 0.209321 0.032209 0.026856
0 0.641871 0.193523 0.019939 0.030016
0 0.967025 0.159558 0.026074 0.022117
0 0.812117 0.125592 0.019939 0.017378
0 0.967791 0.125592 0.018405 0.020537
0 0.831288 0.124803 0.018405 0.018957