0 0.146845 0.971698 0.031553 0.028302
0 0.781553 0.958726 0.029126 0.030660
0 0.040049 0.950472 0.021845 0.028302
0 0.174757 0.944575 0.033981 0.030660
0 0.612864 0.933962 0.026699 0.033019
0 0.398058 0.916274 0.029126 0.021226
0 0.581311 0.917453 0.026699 0.028302
0 0.513350 0.917453 0.050971 0.042453
0 0.722087 0.908019 0.031553 0.033019
0 0.560680 0.899764 0.038835 0.021226
0 0.671117 0.899764 0.041262 0.025943
0 0.629854 0.886792 0.036408 0.033019
0 0.826456 0.875000 0.031553 0.028302
0 0.674757 0.860849 0.019417 0.014151
0 0.557039 0.860849 0.031553 0.023585
0 0.736650 0.830189 0.026699 0.023585
0 0.391990 0.818396 0.046117 0.047170
0 0.327670 0.811321 0.067961 0.037736
0 0.888350 0.804245 0.024272 0.028302
0 0.615291 0.779481 0.031553 0.030660
0 0.673544 0.773585 0.031553 0.023585
0 0.876214 0.767689 0.029126 0.021226
0 0.646845 0.747642 0.026699 0.023585
0 0.216019 0.750000 0.033981 0.028302
0 0.495146 0.725236 0.029126 0.025943
0 0.597087 0.720519 0.024272 0.021226
0 0.371359 0.711085 0.019417 0.021226
0 0.558252 0.692217 0.033981 0.035377
0 0.606796 0.680425 0.024272 0.025943
0 0.634709 0.661557 0.021845 0.025943
0 0.379854 0.655660 0.012136 0.018868
0 0.843447 0.655660 0.021845 0.023585
0 0.790049 0.653302 0.016990 0.018868
0 0.672330 0.661557 0.033981 0.040094
0 0.223301 0.650943 0.024272 0.028302
0 0.061893 0.647406 0.021845 0.021226
0 0.411408 0.636792 0.031553 0.028302
0 0.543689 0.633255 0.038835 0.025943
0 0.140777 0.622642 0.024272 0.018868
0 0.366505 0.616745 0.043689 0.025943
0 0.582524 0.609670 0.029126 0.035377
0 0.456311 0.577830 0.019417 0.023585
0 0.496359 0.574292 0.036408 0.025943
0 0.591019 0.574292 0.036408 0.030660
0 0.061893 0.557783 0.026699 0.021226
0 0.411408 0.545991 0.016990 0.011792
0 0.549757 0.563679 0.041262 0.056604
0 0.222087 0.523585 0.021845 0.023585
0 0.491505 0.517689 0.021845 0.021226
0 0.651699 0.523585 0.075243 0.047170
0 0.932039 0.509434 0.033981 0.051887
0 0.648058 0.488208 0.058252 0.042453
0 0.561893 0.471698 0.036408 0.018868
0 0.128641 0.459906 0.019417 0.014151
0 0.599515 0.472877 0.063107 0.054245
0 0.046117 0.461085 0.024272 0.035377
0 0.911408 0.452830 0.031553 0.037736
0 0.099515 0.432783 0.024272 0.021226
0 0.628641 0.405660 0.063107 0.056604
0 0.598301 0.358491 0.041262 0.037736
0 0.720874 0.349057 0.038835 0.033019
0 0.756068 0.330189 0.016990 0.014151
0 0.651699 0.327830 0.021845 0.014151
0 0.543689 0.330189 0.029126 0.028302
0 0.878641 0.318396 0.048544 0.042453
0 0.921117 0.305425 0.026699 0.030660
0 0.711165 0.298349 0.014563 0.016509
0 0.560680 0.304245 0.029126 0.028302
0 0.186893 0.298349 0.024272 0.016509
0 0.658981 0.304245 0.031553 0.033019
0 0.697816 0.281840 0.041262 0.021226
0 0.656553 0.260613 0.026699 0.025943
0 0.423544 0.262972 0.041262 0.030660
0 0.245146 0.250000 0.029126 0.037736
0 0.694175 0.247642 0.033981 0.037736
0 0.310680 0.240566 0.043689 0.037736
0 0.411408 0.222877 0.026699 0.025943
0 0.686893 0.206368 0.019417 0.011792
0 0.794903 0.175708 0.026699 0.030660
0 0.731796 0.160377 0.016990 0.014151
0 0.691748 0.158019 0.043689 0.037736
0 0.826456 0.113208 0.021845 0.018868
0 0.776699 0.069575 0.024272 0.021226
0 0.473301 0.070755 0.038835 0.028302
0 0.684466 0.066038 0.053398 0.037736
0 0.713592 0.048349 0.029126 0.030660
0 0.657767 0.037736 0.019417 0.018868