0 0.895325 0.960970 0.026423 0.023207
0 0.548780 0.932489 0.040650 0.025316
0 0.777439 0.908228 0.026423 0.014768
0 0.189024 0.901899 0.020325 0.014768
0 0.882114 0.901899 0.036585 0.023207
0 0.300813 0.889241 0.040650 0.018987
0 0.846545 0.859705 0.030488 0.023207
0 0.795732 0.841772 0.058943 0.025316
0 0.181911 0.837553 0.034553 0.029536
0 0.857724 0.825949 0.052846 0.027426
0 0.917683 0.808017 0.022358 0.021097
0 0.356707 0.825949 0.119919 0.056962
0 0.147358 0.811181 0.042683 0.031646
0 0.318089 0.802743 0.022358 0.018987
0 0.240854 0.800633 0.079268 0.048523
0 0.700203 0.783755 0.034553 0.031646
0 0.501016 0.756329 0.030488 0.018987
0 0.674797 0.748945 0.040650 0.025316
0 0.280488 0.751055 0.048780 0.033755
0 0.539634 0.728903 0.042683 0.023207
0 0.748984 0.715190 0.038618 0.029536
0 0.615854 0.674051 0.040650 0.031646
0 0.213415 0.672996 0.048780 0.029536
0 0.555894 0.633966 0.050813 0.040084
0 0.320122 0.613924 0.042683 0.033755
0 0.361789 0.607595 0.032520 0.025316
0 0.700203 0.605485 0.063008 0.042194
0 0.574187 0.595992 0.038618 0.027426
0 0.318089 0.581224 0.026423 0.027426
0 0.621951 0.575949 0.028455 0.021097
0 0.736789 0.563291 0.075203 0.029536
0 0.427846 0.564346 0.042683 0.031646
0 0.856707 0.551688 0.038618 0.027426
0 0.501016 0.520042 0.042683 0.023207
0 0.758130 0.510549 0.024390 0.021097
0 0.815041 0.508439 0.036585 0.025316
0 0.646341 0.490506 0.032520 0.014768
0 0.490854 0.495781 0.050813 0.025316
0 0.723577 0.472574 0.024390 0.033755
0 0.716463 0.416667 0.042683 0.027426
0 0.765244 0.412447 0.050813 0.040084
0 0.652439 0.390295 0.020325 0.012658
0 0.763211 0.375527 0.038618 0.025316
0 0.658537 0.358650 0.020325 0.012658
0 0.597561 0.368143 0.032520 0.048523
0 0.700203 0.378692 0.095528 0.094937
0 0.921748 0.336498 0.034553 0.018987
0 0.535569 0.343882 0.046748 0.037975
0 0.630081 0.347046 0.028455 0.048523
0 0.671748 0.331224 0.050813 0.033755
0 0.952236 0.314346 0.026423 0.046414
0 0.918699 0.299578 0.036585 0.021097
0 0.712398 0.292194 0.075203 0.069620
0 0.634146 0.267932 0.069106 0.037975
0 0.934959 0.235232 0.032520 0.027426
0 0.912602 0.218354 0.020325 0.018987
0 0.823171 0.220464 0.028455 0.023207
0 0.729675 0.208861 0.028455 0.016878
0 0.769309 0.200422 0.030488 0.021097
0 0.652439 0.195148 0.016260 0.014768
0 0.692073 0.213080 0.058943 0.080169
0 0.769309 0.142405 0.026423 0.027426
0 0.799797 0.135021 0.014228 0.016878
0 0.645325 0.130802 0.046748 0.029536
0 0.767276 0.105485 0.058943 0.033755