0 0.724099 0.970460 0.029279 0.045952
0 0.632883 0.950766 0.049550 0.050328
0 0.413288 0.863239 0.033784 0.037199
0 0.675676 0.856674 0.076577 0.085339
0 0.412162 0.808534 0.027027 0.028446
0 0.599099 0.733042 0.081081 0.087527
0 0.519144 0.741794 0.209459 0.170678
0 0.527027 0.620350 0.045045 0.050328
0 0.583333 0.617068 0.063063 0.052516
0 0.452703 0.487965 0.045045 0.061269
0 0.617117 0.473742 0.022523 0.041575
0 0.416667 0.405908 0.072072 0.050328
0 0.371622 0.366521 0.045045 0.045952
0 0.297297 0.351204 0.085586 0.094092
0 0.470721 0.402626 0.193694 0.205689
0 0.452703 0.291028 0.054054 0.048140
0 0.242117 0.286652 0.056306 0.056893
0 0.113739 0.258206 0.042793 0.056893
0 0.396396 0.217724 0.045045 0.028446
0 0.304054 0.206783 0.063063 0.076586
0 0.265766 0.176149 0.027027 0.028446
0 0.327703 0.120350 0.020270 0.026258
0 0.435811 0.110503 0.033784 0.045952