0 0.278393 0.911337 0.030471 0.031977
0 0.217452 0.803779 0.019391 0.020349
0 0.184211 0.768895 0.019391 0.014535
0 0.335180 0.757267 0.027701 0.020349
0 0.263158 0.752907 0.011080 0.011628
0 0.231302 0.713663 0.019391 0.026163
0 0.412742 0.678779 0.016620 0.020349
0 0.250693 0.655523 0.019391 0.020349
0 0.394737 0.636628 0.030471 0.029070
0 0.200831 0.571221 0.024931 0.020349
0 0.264543 0.569767 0.024931 0.023256
0 0.102493 0.533430 0.044321 0.049419
0 0.264543 0.511628 0.052632 0.058140
0 0.240997 0.472384 0.044321 0.043605
0 0.188366 0.200581 0.011080 0.011628
0 0.220222 0.194767 0.013850 0.017442
0 0.192521 0.186047 0.013850 0.011628
0 0.137119 0.167151 0.013850 0.014535
0 0.236842 0.155523 0.013850 0.008721
0 0.351801 0.091570 0.011080 0.014535
0 0.049861 0.093023 0.022161 0.023256
0 0.124654 0.087209 0.016620 0.017442
0 0.343490 0.063953 0.016620 0.011628
0 0.184211 0.059593 0.019391 0.020349
0 0.306094 0.040698 0.024931 0.023256
0 0.098338 0.024709 0.019391 0.020349