0 0.161017 0.628049 0.060533 0.041463
0 0.569007 0.609756 0.033898 0.034146
0 0.404358 0.624390 0.067797 0.068293
0 0.308717 0.579268 0.031477 0.041463
0 0.497579 0.621951 0.128329 0.156098
0 0.358354 0.564634 0.058111 0.041463
0 0.443099 0.540244 0.024213 0.036585
0 0.416465 0.536585 0.024213 0.039024
0 0.394673 0.523171 0.014528 0.017073
0 0.269976 0.531707 0.050847 0.039024
0 0.216707 0.512195 0.041162 0.039024
0 0.164649 0.502439 0.058111 0.058537
0 0.317191 0.475610 0.014528 0.014634
0 0.855932 0.480488 0.026634 0.034146
0 0.231235 0.467073 0.046005 0.036585
0 0.378935 0.469512 0.046005 0.051220
0 0.397094 0.441463 0.029056 0.024390
0 0.397094 0.410976 0.033898 0.036585
0 0.745763 0.392683 0.019370 0.024390
0 0.478208 0.395122 0.046005 0.039024
0 0.582324 0.380488 0.016949 0.014634
0 0.565375 0.378049 0.012107 0.014634
0 0.665860 0.371951 0.019370 0.017073
0 0.624697 0.369512 0.019370 0.021951
0 0.547215 0.368293 0.024213 0.019512
0 0.608959 0.350000 0.012107 0.012195
0 0.475787 0.353659 0.026634 0.034146
0 0.696126 0.334146 0.036320 0.024390
0 0.514528 0.328049 0.012107 0.012195
0 0.546005 0.313415 0.021792 0.021951
0 0.610169 0.318293 0.062954 0.046341
0 0.559322 0.262195 0.029056 0.031707
0 0.616223 0.098780 0.021792 0.021951