0 0.110145 0.954407 0.017391 0.018237
0 0.891304 0.928571 0.020290 0.021277
0 0.414493 0.901216 0.034783 0.027356
0 0.150725 0.867781 0.028986 0.021277
0 0.656522 0.851064 0.014493 0.030395
0 0.534783 0.851064 0.026087 0.030395
0 0.769565 0.826748 0.020290 0.018237
0 0.066667 0.817629 0.017391 0.024316
0 0.497101 0.817629 0.014493 0.030395
0 0.794203 0.806991 0.017391 0.021277
0 0.840580 0.787234 0.028986 0.042553
0 0.423188 0.784195 0.028986 0.054711
0 0.797101 0.759878 0.023188 0.036474
0 0.389855 0.750760 0.014493 0.018237
0 0.823188 0.729483 0.040580 0.036474
0 0.737681 0.723404 0.031884 0.030395
0 0.807246 0.682371 0.020290 0.021277
0 0.533333 0.694529 0.046377 0.069909
0 0.755072 0.674772 0.049275 0.048632
0 0.159420 0.638298 0.017391 0.012158
0 0.223188 0.636778 0.017391 0.027356
0 0.668116 0.627660 0.026087 0.021277
0 0.252174 0.626140 0.017391 0.018237
0 0.850725 0.633739 0.043478 0.045593
0 0.576812 0.633739 0.040580 0.045593
0 0.908696 0.597264 0.026087 0.033435
0 0.627536 0.600304 0.037681 0.039514
0 0.657971 0.583587 0.017391 0.018237
0 0.046377 0.583587 0.017391 0.018237
0 0.697101 0.586626 0.031884 0.030395
0 0.808696 0.580547 0.023188 0.024316
0 0.762319 0.565350 0.017391 0.018237
0 0.660870 0.553191 0.023188 0.024316
0 0.572464 0.575988 0.060870 0.075988
0 0.882609 0.556231 0.037681 0.042553
0 0.834783 0.533435 0.034783 0.033435
0 0.795652 0.525836 0.026087 0.030395
0 0.842029 0.490881 0.020290 0.027356
0 0.810145 0.490881 0.026087 0.027356
0 0.642029 0.486322 0.014493 0.024316
0 0.600000 0.504559 0.052174 0.079027
0 0.694203 0.486322 0.049275 0.060790
0 0.560870 0.454407 0.026087 0.021277
0 0.833333 0.446809 0.037681 0.036474
0 0.904348 0.436170 0.028986 0.033435
0 0.756522 0.430091 0.040580 0.051672
0 0.550725 0.410334 0.017391 0.024316
0 0.820290 0.404255 0.023188 0.024316
0 0.905797 0.399696 0.031884 0.021277
0 0.657971 0.408815 0.040580 0.051672
0 0.618841 0.395137 0.043478 0.048632
0 0.802899 0.367781 0.028986 0.030395
0 0.878261 0.358663 0.017391 0.018237
0 0.131884 0.344985 0.037681 0.039514
0 0.752174 0.338906 0.031884 0.039514
0 0.863768 0.331307 0.017391 0.030395
0 0.669565 0.265957 0.023188 0.027356
0 0.147826 0.226444 0.017391 0.021277
0 0.924638 0.214286 0.023188 0.027356
0 0.852174 0.205167 0.023188 0.033435
0 0.692754 0.199088 0.028986 0.021277
0 0.089855 0.180851 0.034783 0.033435
0 0.840580 0.158055 0.069565 0.054711
0 0.940580 0.124620 0.014493 0.018237
0 0.037681 0.129179 0.052174 0.039514
0 0.123188 0.123100 0.043478 0.082067
0 0.956522 0.086626 0.017391 0.015198
0 0.343478 0.089666 0.026087 0.027356
0 0.053623 0.048632 0.014493 0.018237
0 0.159420 0.041033 0.023188 0.021277
0 0.853623 0.062310 0.060870 0.075988
0 0.510145 0.031915 0.017391 0.021277
0 0.743478 0.028875 0.014493 0.021277