0 0.902062 0.799745 0.020619 0.022959
0 0.932990 0.786990 0.010309 0.007653
0 0.030928 0.764031 0.020619 0.017857
0 0.479381 0.744898 0.015464 0.015306
0 0.206186 0.655612 0.010309 0.015306
0 0.322165 0.579082 0.020619 0.020408
0 0.431701 0.556122 0.012887 0.015306
0 0.393041 0.556122 0.023196 0.020408
0 0.047680 0.552296 0.018041 0.012755
0 0.356959 0.552296 0.033505 0.028061
0 0.405928 0.539541 0.023196 0.017857
0 0.273196 0.516582 0.015464 0.017857
0 0.304124 0.533163 0.041237 0.056122
0 0.336340 0.516582 0.033505 0.043367
0 0.360825 0.487245 0.030928 0.020408
0 0.567010 0.471939 0.015464 0.015306
0 0.275773 0.468112 0.015464 0.017857
0 0.331186 0.466837 0.023196 0.030612
0 0.213918 0.460459 0.015464 0.022959
0 0.295103 0.457908 0.033505 0.033163
0 0.250000 0.451531 0.020619 0.040816
0 0.145619 0.422194 0.012887 0.012755
0 0.712629 0.426020 0.023196 0.025510
0 0.216495 0.424745 0.025773 0.022959
0 0.668814 0.413265 0.059278 0.035714
0 0.202320 0.391582 0.023196 0.028061
0 0.695876 0.381378 0.036082 0.038265
0 0.716495 0.357143 0.020619 0.020408
0 0.757732 0.350765 0.051546 0.084184
0 0.396907 0.177296 0.020619 0.017857
0 0.690722 0.140306 0.015464 0.020408
0 0.710052 0.114796 0.038660 0.025510
0 0.762887 0.114796 0.020619 0.030612
0 0.744845 0.109694 0.015464 0.020408
0 0.807990 0.103316 0.018041 0.012755