0 0.129333 0.976839 0.066667 0.046322
0 0.142667 0.937330 0.040000 0.043597
0 0.205333 0.900545 0.021333 0.019074
0 0.401333 0.907357 0.034667 0.049046
0 0.470667 0.870572 0.077333 0.068120
0 0.061333 0.903270 0.085333 0.149864
0 0.236000 0.840599 0.029333 0.040872
0 0.033333 0.840599 0.056000 0.040872
0 0.150667 0.839237 0.029333 0.043597
0 0.458667 0.822888 0.026667 0.027248
0 0.145333 0.795640 0.034667 0.038147
0 0.434667 0.787466 0.026667 0.038147
0 0.032000 0.758856 0.037333 0.024523
0 0.088000 0.779292 0.101333 0.076294
0 0.210667 0.739782 0.032000 0.024523
0 0.261333 0.722071 0.026667 0.021798
0 0.437333 0.726158 0.042667 0.062670
0 0.125333 0.689373 0.026667 0.032698
0 0.212000 0.697548 0.109333 0.081744
0 0.402667 0.649864 0.026667 0.019074
0 0.436000 0.626703 0.050667 0.059946
0 0.161333 0.592643 0.034667 0.035422
0 0.333333 0.588556 0.032000 0.043597
0 0.445333 0.573569 0.053333 0.040872
0 0.229333 0.553134 0.021333 0.021798
0 0.408000 0.554496 0.064000 0.079019
0 0.222667 0.509537 0.056000 0.059946
0 0.250667 0.446866 0.032000 0.038147
0 0.170667 0.470027 0.042667 0.084469
0 0.217333 0.358311 0.029333 0.024523
0 0.153333 0.373297 0.056000 0.070845
0 0.138667 0.267030 0.037333 0.049046
0 0.306667 0.207084 0.021333 0.021798
0 0.109333 0.213896 0.037333 0.068120
0 0.410667 0.273842 0.138667 0.198910
0 0.358667 0.186649 0.018667 0.024523
0 0.426667 0.153951 0.053333 0.046322
0 0.360000 0.136240 0.021333 0.021798
0 0.513333 0.134877 0.066667 0.051771
0 0.561333 0.103542 0.040000 0.049046
0 0.516000 0.083106 0.034667 0.035422
0 0.612000 0.029973 0.018667 0.027248
0 0.585333 0.020436 0.029333 0.035422
0 0.069333 0.021798 0.037333 0.038147