0 0.910753 0.920213 0.027957 0.031915
0 0.823656 0.902128 0.038710 0.021277
0 0.118280 0.906383 0.034409 0.034043
0 0.073118 0.837234 0.047312 0.036170
0 0.834409 0.813830 0.034409 0.036170
0 0.036559 0.781915 0.025806 0.027660
0 0.934409 0.728723 0.032258 0.023404
0 0.096774 0.629787 0.021505 0.025532
0 0.036559 0.617021 0.030108 0.034043
0 0.181720 0.608511 0.015054 0.021277
0 0.953763 0.573404 0.036559 0.027660
0 0.132258 0.565957 0.027957 0.029787
0 0.915054 0.544681 0.023656 0.017021
0 0.139785 0.505319 0.043011 0.040426
0 0.933333 0.439362 0.068817 0.070213
0 0.174194 0.260638 0.068817 0.065957
0 0.272043 0.181915 0.045161 0.048936
0 0.868817 0.102128 0.038710 0.042553
0 0.341935 0.081915 0.043011 0.057447