0 0.267143 0.887821 0.025714 0.032051
0 0.430000 0.886218 0.048571 0.048077
0 0.770000 0.847756 0.031429 0.048077
0 0.387143 0.830128 0.020000 0.032051
0 0.728571 0.801282 0.040000 0.064103
0 0.250000 0.753205 0.031429 0.038462
0 0.554286 0.697115 0.022857 0.028846
0 0.235714 0.666667 0.014286 0.025641
0 0.715714 0.644231 0.031429 0.038462
0 0.021429 0.528846 0.037143 0.044872
0 0.555714 0.482372 0.025714 0.028846
0 0.358571 0.490385 0.031429 0.044872
0 0.291429 0.467949 0.034286 0.044872
0 0.988571 0.397436 0.011429 0.025641
0 0.482857 0.407051 0.034286 0.051282
0 0.104286 0.365385 0.020000 0.025641
0 0.354286 0.326923 0.028571 0.038462
0 0.422857 0.301282 0.022857 0.025641
0 0.871429 0.251603 0.022857 0.028846
0 0.341429 0.149038 0.020000 0.016026
0 0.288571 0.131410 0.045714 0.038462
0 0.780000 0.115385 0.045714 0.064103
0 0.250000 0.064103 0.020000 0.025641
0 0.097143 0.073718 0.040000 0.044872
0 0.525714 0.041667 0.017143 0.032051
0 0.662857 0.038462 0.028571 0.032051
0 0.902857 0.016026 0.028571 0.025641