0 0.887654 0.991272 0.017284 0.012469
0 0.156790 0.988778 0.017284 0.022444
0 0.828395 0.976309 0.017284 0.017456
0 0.618519 0.967581 0.012346 0.009975
0 0.097531 0.947631 0.017284 0.014963
0 0.555556 0.926434 0.014815 0.012469
0 0.686420 0.918953 0.014815 0.017456
0 0.611111 0.900249 0.017284 0.014963
0 0.728395 0.891521 0.014815 0.012469
0 0.419753 0.880299 0.019753 0.014963
0 0.497531 0.859102 0.022222 0.032419
0 0.396296 0.846633 0.017284 0.012469
0 0.713580 0.812968 0.024691 0.014963
0 0.674074 0.789277 0.014815 0.017456
0 0.807407 0.780549 0.014815 0.014963
0 0.746914 0.750623 0.017284 0.019950
0 0.648148 0.741895 0.012346 0.012469
0 0.514815 0.739401 0.037037 0.032419
0 0.383951 0.723192 0.012346 0.009975
0 0.769136 0.704489 0.017284 0.012469
0 0.980247 0.682045 0.014815 0.017456
0 0.855556 0.672070 0.012346 0.012469
0 0.551852 0.659601 0.012346 0.012469
0 0.509877 0.635910 0.022222 0.019950
0 0.755556 0.594763 0.024691 0.027431
0 0.950617 0.577307 0.014815 0.017456
0 0.550617 0.538653 0.019753 0.014963
0 0.619753 0.514963 0.014815 0.012469
0 0.244444 0.516209 0.019753 0.014963
0 0.358025 0.514963 0.014815 0.017456
0 0.391358 0.507481 0.012346 0.012469
0 0.797531 0.451372 0.014815 0.014963
0 0.256790 0.423940 0.009877 0.009975
0 0.245679 0.381546 0.012346 0.009975
0 0.109877 0.339152 0.012346 0.009975
0 0.187654 0.234414 0.009877 0.009975
0 0.572840 0.198254 0.014815 0.012469
0 0.250617 0.204489 0.022222 0.024938
0 0.422222 0.178304 0.014815 0.012469
0 0.287654 0.169576 0.022222 0.019950
0 0.417284 0.139651 0.019753 0.014963
0 0.572840 0.130923 0.024691 0.012469
0 0.366667 0.132170 0.017284 0.014963
0 0.323457 0.130923 0.019753 0.017456
0 0.398765 0.109726 0.012346 0.009975
0 0.382716 0.089776 0.024691 0.024938
0 0.475309 0.078554 0.012346 0.012469
0 0.098765 0.068579 0.014815 0.012469
0 0.167901 0.059850 0.014815 0.009975
0 0.361728 0.063591 0.022222 0.022444
0 0.346914 0.047382 0.012346 0.009975
0 0.502469 0.034913 0.017284 0.024938
0 0.882716 0.023691 0.012346 0.012469