0 0.504098 0.962857 0.019126 0.022857
0 0.095628 0.960000 0.016393 0.017143
0 0.726776 0.952857 0.038251 0.031429
0 0.114754 0.938571 0.027322 0.025714
0 0.678962 0.920000 0.040984 0.068571
0 0.128415 0.880000 0.032787 0.051429
0 0.719945 0.871429 0.040984 0.040000
0 0.484973 0.840000 0.030055 0.022857
0 0.233607 0.817143 0.019126 0.034286
0 0.188525 0.814286 0.032787 0.040000
0 0.184426 0.771429 0.035519 0.040000
0 0.346995 0.728571 0.027322 0.022857
0 0.162568 0.675714 0.013661 0.025714
0 0.260929 0.652857 0.013661 0.014286
0 0.844262 0.588571 0.032787 0.028571
0 0.826503 0.555714 0.030055 0.037143
0 0.886612 0.545714 0.035519 0.040000
0 0.188525 0.535714 0.032787 0.037143
0 0.416667 0.495714 0.019126 0.020000
0 0.935792 0.490000 0.079235 0.054286
0 0.558743 0.362857 0.030055 0.022857
0 0.602459 0.355714 0.013661 0.025714
0 0.754098 0.367143 0.087432 0.117143
0 0.801913 0.275714 0.095628 0.060000
0 0.819672 0.224286 0.043716 0.037143
0 0.517760 0.194286 0.035519 0.034286
0 0.896175 0.165714 0.027322 0.022857
0 0.519126 0.152857 0.032787 0.037143
0 0.121585 0.154286 0.040984 0.040000
0 0.434426 0.142857 0.060109 0.040000
0 0.595628 0.141429 0.049180 0.042857
0 0.919399 0.140000 0.057377 0.068571
0 0.903005 0.094286 0.035519 0.034286
0 0.159836 0.092857 0.046448 0.037143
0 0.232240 0.055714 0.027322 0.025714
0 0.064208 0.058571 0.035519 0.037143
0 0.923497 0.052857 0.032787 0.037143
0 0.952186 0.021429 0.024590 0.031429