0 0.509368 0.905063 0.016393 0.022785
0 0.413349 0.907595 0.016393 0.027848
0 0.966042 0.894937 0.030445 0.027848
0 0.153396 0.856962 0.035129 0.037975
0 0.711944 0.737975 0.028103 0.032911
0 0.625293 0.730380 0.023419 0.022785
0 0.832553 0.713924 0.030445 0.030380
0 0.441452 0.681013 0.030445 0.025316
0 0.071429 0.600000 0.030445 0.060759
0 0.936768 0.579747 0.023419 0.025316
0 0.929742 0.546835 0.014052 0.015190
0 0.296253 0.510127 0.021077 0.032911
0 0.230679 0.483544 0.016393 0.020253
0 0.091335 0.478481 0.046838 0.035443
0 0.551522 0.487342 0.030445 0.058228
0 0.768150 0.462025 0.023419 0.017722
0 0.367681 0.456962 0.037471 0.027848
0 0.300937 0.464557 0.039813 0.048101
0 0.107728 0.431646 0.042155 0.027848
0 0.201405 0.384810 0.018735 0.025316
0 0.700234 0.251899 0.037471 0.027848
0 0.090164 0.239241 0.021077 0.027848
0 0.736534 0.202532 0.021077 0.015190
0 0.319672 0.188608 0.035129 0.037975
0 0.357143 0.134177 0.025761 0.030380
0 0.104215 0.117722 0.035129 0.032911