0 0.644796 0.993023 0.022624 0.013953
0 0.687783 0.966279 0.022624 0.016279
0 0.755656 0.959302 0.022624 0.020930
0 0.591629 0.948837 0.015837 0.013953
0 0.671946 0.918605 0.018100 0.018605
0 0.783937 0.903488 0.015837 0.016279
0 0.628959 0.900000 0.022624 0.013953
0 0.516968 0.891860 0.015837 0.016279
0 0.673077 0.890698 0.020362 0.018605
0 0.613122 0.886047 0.018100 0.018605
0 0.736425 0.861628 0.020362 0.016279
0 0.588235 0.859302 0.018100 0.025581
0 0.570136 0.838372 0.018100 0.016279
0 0.764706 0.820930 0.018100 0.023256
0 0.475113 0.809302 0.022624 0.023256
0 0.425339 0.759302 0.022624 0.016279
0 0.723982 0.758140 0.013575 0.018605
0 0.631222 0.748837 0.022624 0.023256
0 0.333710 0.747674 0.020362 0.025581
0 0.596154 0.734884 0.020362 0.018605
0 0.549774 0.709302 0.022624 0.023256
0 0.331448 0.702326 0.015837 0.013953
0 0.125566 0.708140 0.029412 0.025581
0 0.795249 0.691860 0.020362 0.016279
0 0.771493 0.690698 0.018100 0.018605
0 0.223982 0.689535 0.022624 0.020930
0 0.699095 0.681395 0.013575 0.023256
0 0.604072 0.673256 0.013575 0.016279
0 0.631222 0.658140 0.018100 0.018605
0 0.203620 0.619767 0.022624 0.020930
0 0.149321 0.612791 0.022624 0.025581
0 0.455882 0.603488 0.020362 0.020930
0 0.545249 0.582558 0.018100 0.016279
0 0.047511 0.577907 0.027149 0.025581
0 0.623303 0.537209 0.020362 0.018605
0 0.643665 0.447674 0.024887 0.020930
0 0.764706 0.438372 0.022624 0.020930
0 0.949095 0.417442 0.020362 0.020930
0 0.839367 0.376744 0.013575 0.013953
0 0.582579 0.376744 0.020362 0.023256
0 0.188914 0.262791 0.011312 0.009302
0 0.217195 0.243023 0.018100 0.016279
0 0.243213 0.233721 0.024887 0.020930
0 0.252262 0.187209 0.011312 0.016279
0 0.195701 0.184884 0.020362 0.016279
0 0.899321 0.174419 0.020362 0.018605
0 0.195701 0.152326 0.033937 0.025581
0 0.483032 0.077907 0.020362 0.020930