0 0.539440 0.942935 0.030534 0.032609
0 0.832061 0.936141 0.020356 0.024457
0 0.587786 0.895380 0.035623 0.040761
0 0.606870 0.884511 0.022901 0.024457
0 0.889313 0.873641 0.033079 0.029891
0 0.695929 0.883152 0.027990 0.048913
0 0.496183 0.808424 0.020356 0.024457
0 0.221374 0.717391 0.020356 0.027174
0 0.132316 0.695652 0.020356 0.021739
0 0.749364 0.680707 0.027990 0.035326
0 0.240458 0.639946 0.022901 0.029891
0 0.110687 0.623641 0.022901 0.024457
0 0.113232 0.593750 0.033079 0.029891
0 0.078880 0.581522 0.020356 0.027174
0 0.174300 0.570652 0.022901 0.027174
0 0.063613 0.543478 0.025445 0.021739
0 0.139949 0.544837 0.020356 0.035326
0 0.217557 0.532609 0.017812 0.027174
0 0.109415 0.512228 0.020356 0.024457
0 0.241730 0.512228 0.025445 0.029891
0 0.198473 0.501359 0.015267 0.019022
0 0.882952 0.455163 0.020356 0.019022
0 0.348601 0.432065 0.025445 0.021739
0 0.295165 0.426630 0.035623 0.043478
0 0.225191 0.415761 0.033079 0.027174
0 0.843511 0.410326 0.058524 0.048913
0 0.905852 0.338315 0.050891 0.057065
0 0.281170 0.326087 0.022901 0.032609
0 0.248092 0.243207 0.017812 0.019022
0 0.222646 0.224185 0.017812 0.024457
0 0.913486 0.216033 0.025445 0.029891
0 0.290076 0.211957 0.020356 0.021739
0 0.234097 0.177989 0.025445 0.024457
0 0.164122 0.164402 0.043257 0.046196
0 0.096692 0.149457 0.020356 0.032609
0 0.916031 0.134511 0.025445 0.024457
0 0.952926 0.133152 0.043257 0.032609
0 0.270992 0.130435 0.038168 0.048913
0 0.964377 0.100543 0.020356 0.027174
0 0.838422 0.104620 0.027990 0.035326
0 0.636132 0.050272 0.030534 0.024457
0 0.218830 0.043478 0.030534 0.048913