0 0.807611 0.944206 0.033827 0.034335
0 0.212474 0.845494 0.023256 0.025751
0 0.960888 0.819742 0.035941 0.038627
0 0.599366 0.670601 0.052854 0.049356
0 0.948203 0.615880 0.023256 0.017167
0 0.827696 0.498927 0.027484 0.019313
0 0.698732 0.340129 0.023256 0.019313
0 0.105708 0.306867 0.033827 0.021459
0 0.238901 0.301502 0.038055 0.027897
0 0.390063 0.267167 0.040169 0.027897
0 0.775899 0.247854 0.025370 0.019313
0 0.589852 0.215665 0.033827 0.027897
0 0.362579 0.181330 0.019027 0.015021
0 0.702960 0.178112 0.019027 0.017167
0 0.607822 0.163090 0.052854 0.034335
0 0.271670 0.113734 0.023256 0.021459
0 0.869979 0.079399 0.027484 0.017167
0 0.589852 0.036481 0.016913 0.012876
0 0.494715 0.025751 0.033827 0.030043
0 0.619450 0.010730 0.029598 0.017167