0 0.808383 0.961424 0.053892 0.053412
0 0.751497 0.930267 0.029940 0.038576
0 0.109281 0.906528 0.026946 0.026706
0 0.160180 0.863501 0.020958 0.017804
0 0.209581 0.875371 0.041916 0.047478
0 0.100299 0.860534 0.020958 0.017804
0 0.272455 0.859050 0.029940 0.032641
0 0.158683 0.839763 0.011976 0.011869
0 0.769461 0.845697 0.017964 0.029674
0 0.236527 0.854599 0.029940 0.047478
0 0.604790 0.836795 0.017964 0.023739
0 0.726048 0.816024 0.026946 0.023739
0 0.209581 0.813056 0.023952 0.029674
0 0.146707 0.808605 0.017964 0.020772
0 0.735030 0.789318 0.020958 0.023739
0 0.244012 0.778932 0.038922 0.032641
0 0.235030 0.676558 0.092814 0.059347
0 0.154192 0.654303 0.044910 0.038576
0 0.139222 0.623145 0.032934 0.023739
0 0.682635 0.571217 0.017964 0.020772
0 0.218563 0.571217 0.041916 0.026706
0 0.769461 0.554896 0.023952 0.017804
0 0.652695 0.550445 0.017964 0.026706
0 0.582335 0.548961 0.032934 0.029674
0 0.182635 0.534125 0.023952 0.029674
0 0.232036 0.517804 0.050898 0.056380
0 0.667665 0.437685 0.041916 0.062315