0 0.704986 0.606021 0.024931 0.023560
0 0.031856 0.582461 0.036011 0.039267
0 0.623269 0.568063 0.016620 0.015707
0 0.562327 0.530105 0.016620 0.018325
0 0.632964 0.502618 0.024931 0.015707
0 0.556787 0.503927 0.027701 0.023560
0 0.019391 0.496073 0.022161 0.013089
0 0.562327 0.462042 0.072022 0.054974
0 0.347645 0.404450 0.013850 0.018325
0 0.650970 0.397906 0.055402 0.036649
0 0.567867 0.391361 0.055402 0.034031
0 0.398892 0.369110 0.038781 0.036649
0 0.512465 0.354712 0.044321 0.049738
0 0.573407 0.344241 0.049861 0.049738
0 0.462604 0.290576 0.027701 0.020942
0 0.623269 0.280105 0.088643 0.094241
0 0.718837 0.221204 0.024931 0.023560