0 0.750000 0.931525 0.017766 0.012920
0 0.423858 0.928941 0.020305 0.023256
0 0.615482 0.919897 0.027919 0.025840
0 0.571066 0.912145 0.020305 0.020672
0 0.657360 0.892765 0.025381 0.023256
0 0.543147 0.875969 0.025381 0.020672
0 0.676396 0.872093 0.022843 0.023256
0 0.604061 0.881137 0.035533 0.051680
0 0.269036 0.852713 0.020305 0.015504
0 0.727157 0.760982 0.027919 0.028424
0 0.700508 0.735142 0.020305 0.023256
0 0.664975 0.739018 0.045685 0.036176
0 0.719543 0.708010 0.048223 0.041344
0 0.101523 0.657623 0.020305 0.018088
0 0.586294 0.651163 0.025381 0.025840
0 0.767766 0.603359 0.017766 0.018088
0 0.817259 0.543928 0.020305 0.018088
0 0.123096 0.519380 0.012690 0.015504
0 0.260152 0.514212 0.017766 0.020672
0 0.795685 0.444444 0.017766 0.015504
0 0.182741 0.401809 0.020305 0.018088
0 0.200508 0.375969 0.015228 0.012920
0 0.225888 0.374677 0.015228 0.015504
0 0.241117 0.361757 0.010152 0.010336
0 0.728426 0.347545 0.015228 0.012920
0 0.180203 0.355297 0.030457 0.033592
0 0.196701 0.294574 0.017766 0.020672
0 0.227157 0.313953 0.048223 0.064599
0 0.181472 0.293282 0.043147 0.069767
0 0.222081 0.266150 0.022843 0.041344
0 0.173858 0.235142 0.017766 0.025840
0 0.689086 0.217054 0.012690 0.010336
0 0.215736 0.227390 0.035533 0.041344
0 0.191624 0.195090 0.027919 0.033592
0 0.199239 0.024548 0.027919 0.023256