0 0.348049 0.837662 0.030801 0.017316
0 0.218686 0.764069 0.039014 0.030303
0 0.335729 0.720779 0.067762 0.069264
0 0.228953 0.674242 0.026694 0.015152
0 0.353183 0.654762 0.028747 0.023810
0 0.199179 0.628788 0.036961 0.028139
0 0.586242 0.452381 0.018480 0.021645
0 0.395277 0.390693 0.034908 0.023810
0 0.722793 0.366883 0.024641 0.019481
0 0.448665 0.324675 0.018480 0.017316
0 0.717659 0.322511 0.018480 0.021645
0 0.463039 0.301948 0.014374 0.015152
0 0.354209 0.282468 0.030801 0.019481
0 0.677618 0.275974 0.024641 0.023810
0 0.716632 0.283550 0.073922 0.056277
0 0.419918 0.245671 0.039014 0.028139
0 0.079055 0.225108 0.039014 0.025974