0 0.772311 0.964052 0.016018 0.010893
0 0.763158 0.948802 0.025172 0.015251
0 0.536613 0.954248 0.025172 0.026144
0 0.733410 0.899782 0.011442 0.008715
0 0.772311 0.883442 0.025172 0.015251
0 0.705950 0.868192 0.011442 0.015251
0 0.435927 0.849673 0.020595 0.017429
0 0.115561 0.846405 0.011442 0.010893
0 0.203661 0.845316 0.027460 0.017429
0 0.676201 0.840959 0.011442 0.013072
0 0.757437 0.837691 0.032037 0.032680
0 0.068650 0.765795 0.022883 0.015251
0 0.279176 0.763617 0.027460 0.019608
0 0.140732 0.696078 0.025172 0.015251
0 0.143021 0.672113 0.011442 0.010893
0 0.721968 0.561002 0.020595 0.015251
0 0.694508 0.547930 0.020595 0.023965
0 0.760870 0.505447 0.020595 0.017429
0 0.840961 0.436819 0.020595 0.010893
0 0.821510 0.371460 0.022883 0.015251
0 0.279176 0.277778 0.013730 0.010893
0 0.280320 0.168845 0.011442 0.010893
0 0.426773 0.161220 0.016018 0.013072
0 0.329519 0.090414 0.027460 0.019608