0 0.327253 0.577093 0.023605 0.017621
0 0.075107 0.574890 0.034335 0.017621
0 0.048283 0.567181 0.019313 0.015419
0 0.268240 0.568282 0.021459 0.022026
0 0.442060 0.570485 0.042918 0.030837
0 0.497854 0.556167 0.025751 0.019824
0 0.055794 0.547357 0.021459 0.011013
0 0.655579 0.539648 0.015021 0.013216
0 0.616953 0.538546 0.015021 0.015419
0 0.410944 0.529736 0.023605 0.019824
0 0.446352 0.526432 0.034335 0.026432
0 0.559013 0.514317 0.019313 0.015419
0 0.505365 0.513216 0.023605 0.017621
0 0.715665 0.503304 0.023605 0.019824
0 0.472103 0.488987 0.030043 0.017621
0 0.535408 0.462555 0.015021 0.013216
0 0.623391 0.447137 0.019313 0.013216
0 0.698498 0.442731 0.019313 0.017621
0 0.448498 0.425110 0.038627 0.026432
0 0.914163 0.387665 0.025751 0.026432
0 0.807940 0.373348 0.027897 0.019824
0 0.883047 0.357930 0.019313 0.011013
0 0.851931 0.361233 0.021459 0.017621