0 0.068919 0.959184 0.018919 0.017493
0 0.648649 0.826531 0.016216 0.014577
0 0.463514 0.816327 0.024324 0.023324
0 0.537838 0.811953 0.037838 0.043732
0 0.125676 0.602041 0.018919 0.014577
0 0.440541 0.606414 0.021622 0.029155
0 0.372973 0.600583 0.021622 0.017493
0 0.877027 0.565598 0.018919 0.023324
0 0.456757 0.481050 0.032432 0.034985
0 0.206757 0.456268 0.018919 0.020408
0 0.627027 0.447522 0.032432 0.026239
0 0.155405 0.411079 0.013514 0.023324
0 0.377027 0.399417 0.024324 0.034985
0 0.594595 0.368805 0.032432 0.026239
0 0.258108 0.313411 0.024324 0.014577
0 0.325676 0.316327 0.029730 0.032070
0 0.200000 0.304665 0.027027 0.037901
0 0.593243 0.294461 0.024324 0.023324
0 0.639189 0.271137 0.024324 0.023324
0 0.586486 0.145773 0.016216 0.023324
0 0.317568 0.141399 0.013514 0.020408
0 0.467568 0.051020 0.010811 0.020408
0 0.266216 0.037901 0.018919 0.017493
0 0.424324 0.029155 0.016216 0.023324