0 0.719149 0.969412 0.038298 0.023529
0 0.767021 0.888235 0.044681 0.035294
0 0.689362 0.882353 0.029787 0.037647
0 0.798936 0.824706 0.036170 0.030588
0 0.641489 0.801176 0.023404 0.025882
0 0.903191 0.689412 0.057447 0.047059
0 0.937234 0.624706 0.031915 0.030588
0 0.829787 0.631765 0.029787 0.044706
0 0.706383 0.585882 0.017021 0.023529
0 0.732979 0.548235 0.027660 0.023529
0 0.820213 0.501176 0.027660 0.042353
0 0.708511 0.416471 0.042553 0.042353
0 0.510638 0.398824 0.029787 0.025882
0 0.822340 0.404706 0.048936 0.051765
0 0.640426 0.390588 0.029787 0.032941
0 0.574468 0.394118 0.038298 0.054118
0 0.691489 0.369412 0.025532 0.037647
0 0.431915 0.356471 0.055319 0.044706
0 0.372340 0.349412 0.038298 0.030588
0 0.571277 0.316471 0.027660 0.030588
0 0.641489 0.195294 0.057447 0.037647
0 0.819149 0.181176 0.017021 0.018824
0 0.285106 0.163529 0.034043 0.035294
0 0.774468 0.121176 0.029787 0.021176
0 0.809574 0.114118 0.031915 0.025882
0 0.344681 0.101176 0.012766 0.014118
0 0.389362 0.096471 0.029787 0.028235
0 0.629787 0.085882 0.021277 0.021176
0 0.530851 0.082353 0.014894 0.018824
0 0.362766 0.083529 0.019149 0.021176
0 0.926596 0.067059 0.023404 0.016471
0 0.494681 0.055294 0.023404 0.030588
0 0.878723 0.050588 0.038298 0.030588
0 0.786170 0.030588 0.019149 0.023529