0 0.616758 0.894595 0.134615 0.102703
0 0.285714 0.790541 0.043956 0.040541
0 0.586538 0.771622 0.052198 0.062162
0 0.502747 0.762162 0.093407 0.178378
0 0.416209 0.710811 0.096154 0.081081
0 0.506868 0.590541 0.046703 0.062162
0 0.714286 0.587838 0.082418 0.067568
0 0.347527 0.618919 0.140110 0.140541
0 0.497253 0.524324 0.065934 0.070270
0 0.304945 0.510811 0.065934 0.059459
0 0.427198 0.471622 0.101648 0.067568
0 0.619505 0.466216 0.079670 0.083784
0 0.590659 0.386486 0.104396 0.081081
0 0.493132 0.375676 0.074176 0.086486
0 0.182692 0.327027 0.057692 0.081081
0 0.259615 0.317568 0.096154 0.105405
0 0.350275 0.277027 0.057692 0.062162
0 0.335165 0.200000 0.027473 0.032432
0 0.342033 0.148649 0.046703 0.043243
0 0.098901 0.112162 0.065934 0.083784
0 0.478022 0.082432 0.054945 0.051351
0 0.380495 0.072973 0.046703 0.048649
0 0.234890 0.085135 0.068681 0.072973
0 0.489011 0.032432 0.049451 0.043243
0 0.766484 0.020270 0.038462 0.029730