0 0.612637 0.974627 0.038462 0.032836
0 0.655220 0.959701 0.019231 0.026866
0 0.449176 0.934328 0.019231 0.035821
0 0.482143 0.917910 0.024725 0.020896
0 0.278846 0.910448 0.013736 0.017910
0 0.972527 0.908955 0.016484 0.020896
0 0.541209 0.879104 0.016484 0.020896
0 0.575549 0.871642 0.024725 0.035821
0 0.451923 0.844776 0.013736 0.017910
0 0.458791 0.850746 0.071429 0.071642
0 0.303571 0.837313 0.041209 0.044776
0 0.695055 0.811940 0.027473 0.023881
0 0.188187 0.810448 0.019231 0.020896
0 0.096154 0.817910 0.038462 0.041791
0 0.370879 0.802985 0.016484 0.023881
0 0.747253 0.808955 0.043956 0.041791
0 0.245879 0.794030 0.035714 0.035821
0 0.656593 0.788060 0.038462 0.041791
0 0.978022 0.741791 0.027473 0.032836
0 0.744505 0.734328 0.021978 0.023881
0 0.619505 0.723881 0.024725 0.020896
0 0.524725 0.704478 0.016484 0.023881
0 0.248626 0.700000 0.024725 0.026866
0 0.443681 0.704478 0.046703 0.041791
0 0.490385 0.671642 0.019231 0.017910
0 0.668956 0.670149 0.024725 0.032836
0 0.706044 0.673134 0.032967 0.050746
0 0.092033 0.655224 0.019231 0.020896
0 0.214286 0.676119 0.043956 0.074627
0 0.131868 0.632836 0.021978 0.023881
0 0.445055 0.632836 0.038462 0.065672
0 0.218407 0.592537 0.046703 0.044776
0 0.129121 0.576119 0.032967 0.035821
0 0.377747 0.531343 0.024725 0.023881
0 0.579670 0.492537 0.027473 0.053731
0 0.056319 0.476119 0.019231 0.020896
0 0.412088 0.468657 0.021978 0.035821
0 0.329670 0.443284 0.016484 0.026866
0 0.736264 0.434328 0.021978 0.026866
0 0.435440 0.356716 0.013736 0.020896
0 0.407967 0.355224 0.013736 0.023881
0 0.451923 0.310448 0.019231 0.017910
0 0.182692 0.329851 0.035714 0.062687
0 0.556319 0.285075 0.024725 0.026866
0 0.663462 0.273134 0.024725 0.020896
0 0.309066 0.211940 0.030220 0.029851
0 0.467033 0.204478 0.016484 0.020896
0 0.439560 0.204478 0.016484 0.020896
0 0.370879 0.200000 0.016484 0.017910
0 0.497253 0.179104 0.021978 0.023881
0 0.369505 0.152239 0.024725 0.017910
0 0.298077 0.152239 0.019231 0.017910
0 0.690934 0.162687 0.046703 0.056716