0 0.118156 0.935616 0.017291 0.019178
0 0.154179 0.923288 0.031700 0.038356
0 0.812680 0.928767 0.063401 0.076712
0 0.791066 0.847945 0.048991 0.046575
0 0.515850 0.808219 0.023055 0.021918
0 0.801153 0.808219 0.017291 0.027397
0 0.726225 0.804110 0.028818 0.035616
0 0.358790 0.778082 0.060519 0.065753
0 0.321326 0.721918 0.043228 0.041096
0 0.083573 0.680822 0.028818 0.024658
0 0.716138 0.667123 0.025937 0.041096
0 0.775216 0.716438 0.097983 0.150685
0 0.802594 0.634247 0.014409 0.013699
0 0.237752 0.636986 0.025937 0.024658
0 0.770893 0.627397 0.025937 0.021918
0 0.707493 0.621918 0.037464 0.043836
0 0.655620 0.630137 0.043228 0.065753
0 0.537464 0.569863 0.025937 0.027397
0 0.881844 0.543836 0.046110 0.030137
0 0.804035 0.538356 0.034582 0.024658
0 0.531700 0.512329 0.025937 0.016438
0 0.576369 0.516438 0.063401 0.079452
0 0.139769 0.471233 0.025937 0.021918
0 0.172911 0.468493 0.028818 0.021918
0 0.498559 0.416438 0.017291 0.016438
0 0.631124 0.419178 0.023055 0.032877
0 0.534582 0.398630 0.014409 0.019178
0 0.697406 0.397260 0.097983 0.065753
0 0.138329 0.391781 0.040346 0.060274
0 0.685879 0.363014 0.023055 0.024658
0 0.795389 0.315068 0.046110 0.027397
0 0.227666 0.145205 0.011527 0.016438
0 0.171470 0.121918 0.020173 0.024658
0 0.087896 0.084932 0.037464 0.032877
0 0.263689 0.045205 0.037464 0.030137