0 0.309019 0.849614 0.018568 0.017995
0 0.248011 0.794344 0.034483 0.056555
0 0.940318 0.757069 0.018568 0.017995
0 0.618037 0.676093 0.015915 0.015424
0 0.200265 0.654242 0.023873 0.023136
0 0.358090 0.500000 0.042440 0.028278
0 0.698939 0.487147 0.023873 0.033419
0 0.968170 0.475578 0.026525 0.025707
0 0.748011 0.439589 0.015915 0.015424
0 0.355438 0.444730 0.031830 0.025707
0 0.450928 0.388175 0.031830 0.030848
0 0.927056 0.363753 0.018568 0.017995
0 0.921751 0.336761 0.029178 0.025707
0 0.824934 0.334190 0.015915 0.020566
0 0.803714 0.251928 0.015915 0.015424
0 0.599469 0.146530 0.037135 0.035990
0 0.944297 0.078406 0.015915 0.012853
0 0.602122 0.068123 0.010610 0.012853
0 0.318302 0.017995 0.026525 0.025707