0 0.055416 0.932668 0.055416 0.039900
0 0.491184 0.463840 0.055416 0.059850
0 0.465995 0.342893 0.035264 0.027431
0 0.321159 0.319202 0.022670 0.014963
0 0.238035 0.285536 0.032746 0.022444
0 0.265743 0.244389 0.017632 0.014963
0 0.091940 0.235661 0.017632 0.022444
0 0.270781 0.223192 0.017632 0.012469
0 0.185139 0.220698 0.022670 0.017456
0 0.154912 0.208229 0.017632 0.022444
0 0.371537 0.203242 0.017632 0.017456
0 0.369018 0.178304 0.027708 0.027431
0 0.341310 0.187032 0.022670 0.044888
0 0.172544 0.157107 0.017632 0.014963
0 0.245592 0.165835 0.083123 0.052369