0 0.584254 0.523161 0.024862 0.021798
0 0.682320 0.493188 0.016575 0.016349
0 0.437845 0.476839 0.019337 0.021798
0 0.403315 0.472752 0.016575 0.013624
0 0.848066 0.464578 0.022099 0.019074
0 0.404696 0.440054 0.013812 0.013624
0 0.950276 0.420981 0.016575 0.013624
0 0.519337 0.416894 0.016575 0.016349
0 0.780387 0.399183 0.019337 0.019074
0 0.965470 0.386921 0.013812 0.010899
0 0.107735 0.386921 0.016575 0.016349
0 0.172652 0.380109 0.019337 0.024523
0 0.864641 0.362398 0.016575 0.016349
0 0.374309 0.363760 0.019337 0.019074
0 0.714088 0.351499 0.019337 0.016349
0 0.558011 0.351499 0.016575 0.016349
0 0.185083 0.352861 0.022099 0.019074
0 0.962707 0.343324 0.030387 0.021798
0 0.824586 0.329700 0.013812 0.010899
0 0.918508 0.318801 0.008287 0.010899
0 0.178177 0.321526 0.019337 0.016349
0 0.114641 0.298365 0.019337 0.019074
0 0.274862 0.288828 0.013812 0.010899
0 0.856354 0.264305 0.016575 0.016349
0 0.890884 0.242507 0.013812 0.010899
0 0.810773 0.231608 0.013812 0.016349
0 0.386740 0.232970 0.022099 0.019074
0 0.830110 0.223433 0.019337 0.016349
0 0.551105 0.181199 0.019337 0.019074
0 0.261050 0.177112 0.013812 0.016349
0 0.982044 0.177112 0.019337 0.021798
0 0.780387 0.177112 0.019337 0.021798
0 0.680939 0.166213 0.019337 0.016349
0 0.863260 0.138965 0.019337 0.016349
0 0.349448 0.081744 0.013812 0.016349
0 0.044199 0.059946 0.027624 0.027248
0 0.116022 0.047684 0.022099 0.019074
0 0.390884 0.042234 0.030387 0.024523