0 0.289544 0.741425 0.048257 0.058047
0 0.138070 0.598945 0.034853 0.036939
0 0.154155 0.493404 0.034853 0.031662
0 0.284182 0.469657 0.058981 0.042216
0 0.343164 0.427441 0.032172 0.015831
0 0.183646 0.422164 0.034853 0.021108
0 0.265416 0.381266 0.037534 0.023747
0 0.635389 0.345646 0.021448 0.021108
0 0.214477 0.320580 0.037534 0.023747
0 0.781501 0.319261 0.029491 0.026385
0 0.682306 0.288918 0.029491 0.018470
0 0.273458 0.288918 0.032172 0.029024
0 0.727882 0.275726 0.040214 0.029024
0 0.794906 0.271768 0.040214 0.047493
0 0.489276 0.244063 0.029491 0.018470
0 0.742627 0.237467 0.021448 0.021108
0 0.369973 0.240106 0.021448 0.026385
0 0.938338 0.238786 0.032172 0.034301
0 0.770777 0.226913 0.024129 0.015831
0 0.927614 0.213720 0.042895 0.021108
0 0.734584 0.209763 0.037534 0.029024
0 0.392761 0.101583 0.034853 0.034301
0 0.512064 0.075198 0.058981 0.039578
0 0.461126 0.072559 0.037534 0.039578