0 0.773994 0.970492 0.037152 0.026230
0 0.950464 0.952459 0.024768 0.029508
0 0.817337 0.900000 0.043344 0.029508
0 0.328173 0.829508 0.030960 0.026230
0 0.657895 0.772131 0.058824 0.049180
0 0.691950 0.468852 0.021672 0.026230
0 0.425697 0.463934 0.034056 0.029508
0 0.784830 0.414754 0.021672 0.016393
0 0.434985 0.386885 0.034056 0.026230
0 0.826625 0.385246 0.018576 0.029508
0 0.800310 0.370492 0.021672 0.019672
0 0.236842 0.313115 0.046440 0.049180
0 0.277090 0.214754 0.040248 0.042623
0 0.396285 0.162295 0.043344 0.055738
0 0.882353 0.108197 0.037152 0.039344
0 0.108359 0.106557 0.043344 0.036066