0 0.328162 0.899204 0.045346 0.058355
0 0.378282 0.881963 0.031026 0.045093
0 0.551313 0.812997 0.033413 0.050398
0 0.542959 0.748011 0.021480 0.031830
0 0.332936 0.704244 0.035800 0.034483
0 0.615752 0.694960 0.023866 0.047745
0 0.527446 0.672414 0.023866 0.029178
0 0.247017 0.664456 0.035800 0.023873
0 0.377088 0.659151 0.019093 0.018568
0 0.386635 0.633952 0.028640 0.026525
0 0.610979 0.619363 0.023866 0.018568
0 0.643198 0.596817 0.021480 0.015915
0 0.664678 0.592838 0.016706 0.018568
0 0.610979 0.592838 0.023866 0.018568
0 0.354415 0.595491 0.031026 0.023873
0 0.321002 0.596817 0.031026 0.037135
0 0.645585 0.559682 0.016706 0.021220
0 0.517900 0.549072 0.023866 0.037135
0 0.441527 0.542440 0.023866 0.029178
0 0.668258 0.531830 0.033413 0.023873
0 0.019093 0.518568 0.023866 0.029178
0 0.686158 0.503979 0.011933 0.015915
0 0.809069 0.493369 0.014320 0.026525
0 0.631265 0.477454 0.016706 0.021220
0 0.686158 0.470822 0.011933 0.013263
0 0.568019 0.492042 0.042959 0.055703
0 0.665871 0.452255 0.019093 0.023873
0 0.473747 0.444297 0.021480 0.023873
0 0.393795 0.433687 0.033413 0.029178
0 0.447494 0.425729 0.031026 0.023873
0 0.643198 0.409814 0.031026 0.023873
0 0.371122 0.368700 0.031026 0.026525
0 0.605012 0.368700 0.045346 0.063660
0 0.491647 0.342175 0.028640 0.047745
0 0.484487 0.188329 0.023866 0.021220
0 0.362768 0.190981 0.014320 0.026525
0 0.390215 0.187003 0.035800 0.029178
0 0.502387 0.168435 0.026253 0.029178
0 0.352029 0.129973 0.050119 0.037135
0 0.357995 0.031830 0.033413 0.031830
0 0.237470 0.026525 0.031026 0.037135