0 0.438525 0.994460 0.013661 0.011080
0 0.616120 0.961219 0.019126 0.022161
0 0.468579 0.927978 0.013661 0.016620
0 0.312842 0.914127 0.013661 0.011080
0 0.374317 0.916898 0.032787 0.027701
0 0.923497 0.901662 0.021858 0.024931
0 0.404372 0.898892 0.027322 0.024931
0 0.336066 0.893352 0.010929 0.019391
0 0.178962 0.890582 0.013661 0.013850
0 0.948087 0.871191 0.016393 0.013850
0 0.301913 0.824100 0.024590 0.024931
0 0.430328 0.815789 0.019126 0.013850
0 0.213115 0.770083 0.010929 0.011080
0 0.243169 0.749307 0.021858 0.024931
0 0.475410 0.749307 0.027322 0.030471
0 0.580601 0.724377 0.024590 0.024931
0 0.453552 0.699446 0.016393 0.013850
0 0.132514 0.698061 0.013661 0.016620
0 0.829235 0.700831 0.030055 0.033241
0 0.307377 0.706371 0.057377 0.044321
0 0.508197 0.691136 0.027322 0.024931
0 0.185792 0.686981 0.032787 0.033241
0 0.405738 0.668975 0.013661 0.013850
0 0.457650 0.653740 0.013661 0.011080
0 0.818306 0.653740 0.040984 0.066482
0 0.513661 0.617729 0.016393 0.016620
0 0.433060 0.614958 0.019126 0.016620
0 0.677596 0.608033 0.027322 0.024931
0 0.519126 0.599723 0.016393 0.013850
0 0.239071 0.577562 0.013661 0.019391
0 0.168033 0.576177 0.013661 0.016620
0 0.825137 0.577562 0.021858 0.036011
0 0.265027 0.569252 0.021858 0.030471
0 0.606557 0.551247 0.016393 0.016620
0 0.898907 0.547091 0.016393 0.013850
0 0.083333 0.549861 0.019126 0.019391
0 0.571038 0.541551 0.016393 0.013850
0 0.777322 0.544321 0.024590 0.024931
0 0.700820 0.531856 0.035519 0.022161
0 0.653005 0.530471 0.016393 0.024931
0 0.254098 0.523546 0.016393 0.016620
0 0.603825 0.505540 0.016393 0.013850
0 0.166667 0.468144 0.021858 0.022161
0 0.617486 0.466759 0.021858 0.024931
0 0.056011 0.452909 0.013661 0.013850
0 0.535519 0.423823 0.010929 0.011080
0 0.199454 0.416898 0.016393 0.013850
0 0.222678 0.414127 0.019126 0.019391
0 0.807377 0.400277 0.013661 0.013850
0 0.640710 0.403047 0.024590 0.024931
0 0.177596 0.400277 0.016393 0.019391
0 0.094262 0.382271 0.024590 0.022161
0 0.329235 0.376731 0.024590 0.022161
0 0.355191 0.346260 0.016393 0.016620
0 0.277322 0.346260 0.019126 0.016620
0 0.730874 0.337950 0.019126 0.016620
0 0.135246 0.331025 0.013661 0.013850
0 0.004098 0.311634 0.008197 0.013850
0 0.696721 0.307479 0.021858 0.022161
0 0.534153 0.317175 0.030055 0.041551
0 0.413934 0.303324 0.013661 0.013850
0 0.307377 0.295014 0.013661 0.013850
0 0.864754 0.293629 0.024590 0.022161
0 0.045082 0.264543 0.019126 0.019391
0 0.136612 0.232687 0.016393 0.016620
0 0.046448 0.214681 0.021858 0.019391
0 0.590164 0.209141 0.016393 0.013850
0 0.106557 0.214681 0.038251 0.030471
0 0.763661 0.188366 0.024590 0.016620
0 0.663934 0.170360 0.021858 0.024931
0 0.547814 0.141274 0.024590 0.022161
0 0.495902 0.131579 0.019126 0.019391
0 0.464481 0.130194 0.016393 0.016620
0 0.169399 0.094183 0.021858 0.022161
0 0.360656 0.076177 0.016393 0.019391
0 0.385246 0.060942 0.027322 0.022161
0 0.722678 0.052632 0.013661 0.016620
0 0.837432 0.047091 0.013661 0.011080
0 0.083333 0.051247 0.019126 0.019391
0 0.137978 0.030471 0.019126 0.022161
0 0.748634 0.030471 0.027322 0.038781
0 0.266393 0.013850 0.013661 0.016620