0 0.486111 0.978723 0.027778 0.036474
0 0.444444 0.974164 0.033333 0.033435
0 0.465278 0.943769 0.025000 0.033435
0 0.427778 0.930091 0.033333 0.042553
0 0.748611 0.919453 0.025000 0.033435
0 0.472222 0.895137 0.027778 0.033435
0 0.429167 0.870821 0.030556 0.039514
0 0.476389 0.855623 0.019444 0.021277
0 0.351389 0.849544 0.030556 0.027356
0 0.293056 0.835866 0.041667 0.036474
0 0.405556 0.811550 0.022222 0.018237
0 0.697222 0.624620 0.033333 0.027356
0 0.508333 0.449848 0.044444 0.085106
0 0.836111 0.227964 0.061111 0.066869