0 0.626437 0.934722 0.022989 0.025000
0 0.557471 0.919444 0.022989 0.027778
0 0.508621 0.922222 0.045977 0.055556
0 0.149425 0.923611 0.063218 0.063889
0 0.393678 0.872222 0.022989 0.027778
0 0.341954 0.834722 0.017241 0.019444
0 0.400862 0.816667 0.037356 0.038889
0 0.906609 0.773611 0.043103 0.041667
0 0.949713 0.738889 0.014368 0.011111
0 0.672414 0.520833 0.022989 0.019444
0 0.643678 0.502778 0.017241 0.016667
0 0.573276 0.497222 0.020115 0.027778
0 0.803161 0.483333 0.031609 0.038889
0 0.541667 0.480556 0.043103 0.044444
0 0.448276 0.473611 0.040230 0.030556
0 0.889368 0.455556 0.031609 0.044444
0 0.112069 0.136111 0.034483 0.027778