0 0.594101 0.716146 0.064607 0.052083
0 0.345506 0.679688 0.044944 0.041667
0 0.574438 0.648438 0.014045 0.010417
0 0.550562 0.632812 0.067416 0.052083
0 0.189607 0.622396 0.042135 0.062500
0 0.492978 0.606771 0.058989 0.036458
0 0.643258 0.595052 0.039326 0.039062
0 0.598315 0.582031 0.028090 0.044271
0 0.542135 0.578125 0.061798 0.046875
0 0.577247 0.555990 0.047753 0.033854
0 0.206461 0.553385 0.070225 0.059896
0 0.471910 0.531250 0.056180 0.026042
0 0.610955 0.520833 0.025281 0.031250
0 0.460674 0.500000 0.044944 0.026042
0 0.686798 0.489583 0.036517 0.026042
0 0.648876 0.493490 0.061798 0.054688
0 0.692416 0.416667 0.036517 0.031250
0 0.783708 0.265625 0.078652 0.041667
0 0.911517 0.247396 0.036517 0.020833
0 0.695225 0.207031 0.019663 0.018229
0 0.470506 0.203125 0.030899 0.031250