0 0.160256 0.915301 0.023077 0.027322
0 0.588462 0.868852 0.023077 0.027322
0 0.038462 0.812842 0.025641 0.024590
0 0.389744 0.774590 0.025641 0.024590
0 0.906410 0.767760 0.038462 0.038251
0 0.108974 0.673497 0.012821 0.024590
0 0.923077 0.643443 0.051282 0.030055
0 0.879487 0.579235 0.025641 0.043716
0 0.719231 0.469945 0.033333 0.021858
0 0.246154 0.467213 0.015385 0.016393
0 0.733333 0.430328 0.035897 0.024590
0 0.887179 0.382514 0.030769 0.027322
0 0.703846 0.323770 0.033333 0.035519
0 0.853846 0.209016 0.025641 0.030055
0 0.526923 0.107923 0.033333 0.040984