0 0.059140 0.862319 0.026882 0.055072
0 0.236559 0.700000 0.021505 0.014493
0 0.245968 0.676812 0.018817 0.020290
0 0.329301 0.627536 0.040323 0.043478
0 0.612903 0.595652 0.016129 0.020290
0 0.381720 0.597101 0.048387 0.028986
0 0.451613 0.563768 0.021505 0.031884
0 0.399194 0.520290 0.029570 0.031884
0 0.454301 0.500000 0.016129 0.014493
0 0.584677 0.481159 0.024194 0.023188
0 0.680108 0.456522 0.026882 0.031884
0 0.611559 0.444928 0.018817 0.020290
0 0.161290 0.407246 0.026882 0.031884
0 0.618280 0.392754 0.026882 0.037681
0 0.758065 0.379710 0.032258 0.040580
0 0.584677 0.360870 0.029570 0.026087
0 0.668011 0.336232 0.018817 0.017391
0 0.600806 0.328986 0.024194 0.026087
0 0.638441 0.311594 0.034946 0.037681
0 0.784946 0.294203 0.021505 0.031884
0 0.190860 0.295652 0.037634 0.052174
0 0.014785 0.262319 0.024194 0.026087
0 0.091398 0.262319 0.032258 0.037681
0 0.462366 0.247826 0.026882 0.043478
0 0.047043 0.239130 0.029570 0.026087
0 0.573925 0.230435 0.051075 0.037681
0 0.275538 0.221739 0.029570 0.020290
0 0.512097 0.179710 0.018817 0.017391
0 0.353495 0.173913 0.029570 0.028986
0 0.606183 0.165217 0.024194 0.028986
0 0.399194 0.163768 0.029570 0.031884
0 0.485215 0.155072 0.051075 0.066667
0 0.571237 0.128986 0.040323 0.037681
0 0.822581 0.115942 0.032258 0.040580
0 0.258065 0.102899 0.026882 0.026087