0 0.706522 0.955621 0.048913 0.053254
0 0.551630 0.940828 0.059783 0.047337
0 0.582880 0.813609 0.035326 0.047337
0 0.032609 0.788462 0.027174 0.032544
0 0.653533 0.789941 0.057065 0.041420
0 0.730978 0.605030 0.048913 0.038462
0 0.600543 0.575444 0.054348 0.044379
0 0.811141 0.535503 0.035326 0.035503
0 0.672554 0.532544 0.040761 0.035503
0 0.085598 0.528107 0.024457 0.026627
0 0.850543 0.507396 0.043478 0.026627
0 0.819293 0.386095 0.073370 0.056213
0 0.438859 0.337278 0.067935 0.047337
0 0.839674 0.291420 0.032609 0.026627
0 0.802989 0.291420 0.029891 0.026627
0 0.620924 0.286982 0.040761 0.035503
0 0.648098 0.257396 0.029891 0.029586
0 0.751359 0.110947 0.024457 0.020710
0 0.857337 0.063609 0.051630 0.044379
0 0.930707 0.062130 0.062500 0.076923