0 0.731105 0.632075 0.026163 0.025157
0 0.534884 0.542453 0.040698 0.059748
0 0.408430 0.479560 0.037791 0.034591
0 0.361919 0.468553 0.037791 0.050314
0 0.193314 0.383648 0.020349 0.025157
0 0.271802 0.377358 0.031977 0.050314
0 0.402616 0.349057 0.020349 0.037736
0 0.696221 0.333333 0.031977 0.025157
0 0.530523 0.328616 0.026163 0.034591
0 0.755814 0.319182 0.034884 0.034591
0 0.792151 0.216981 0.031977 0.025157
0 0.625000 0.201258 0.029070 0.025157
0 0.581395 0.183962 0.040698 0.022013
0 0.959302 0.135220 0.023256 0.018868
0 0.693314 0.059748 0.026163 0.031447