0 0.440191 0.940678 0.081340 0.046005
0 0.023923 0.922518 0.038278 0.024213
0 0.364833 0.875303 0.059809 0.060533
0 0.447368 0.828087 0.043062 0.058111
0 0.730861 0.389831 0.021531 0.019370
0 0.723684 0.317191 0.021531 0.024213
0 0.502392 0.284504 0.019139 0.016949
0 0.373206 0.205811 0.052632 0.062954
0 0.616029 0.171913 0.026316 0.024213
0 0.789474 0.167070 0.028708 0.019370
0 0.350478 0.125908 0.064593 0.062954
0 0.130383 0.116223 0.045455 0.048426
0 0.577751 0.044794 0.031100 0.046005
0 0.057416 0.048426 0.043062 0.053269