0 0.595041 0.817901 0.060606 0.049383
0 0.242424 0.510802 0.033058 0.027778
0 0.968320 0.336420 0.041322 0.043210
0 0.910468 0.327160 0.024793 0.024691
0 0.673554 0.307099 0.024793 0.021605
0 0.950413 0.274691 0.027548 0.018519
0 0.874656 0.262346 0.024793 0.030864
0 0.940771 0.253086 0.019284 0.018519
0 0.695592 0.259259 0.019284 0.030864
0 0.888430 0.188272 0.035813 0.043210
0 0.358127 0.148148 0.044077 0.043210
0 0.906336 0.114198 0.038567 0.037037
0 0.853994 0.108025 0.049587 0.043210
0 0.942149 0.092593 0.038567 0.037037
0 0.819559 0.078704 0.024793 0.021605
0 0.371901 0.047840 0.049587 0.040123