0 0.929847 0.860051 0.053571 0.045802
0 0.793367 0.796438 0.045918 0.050891
0 0.739796 0.650127 0.040816 0.038168
0 0.937500 0.620865 0.017857 0.035623
0 0.079082 0.394402 0.035714 0.030534
0 0.881378 0.384224 0.022959 0.020356
0 0.506378 0.381679 0.063776 0.045802
0 0.459184 0.348601 0.015306 0.025445
0 0.477041 0.306616 0.015306 0.017812
0 0.460459 0.286260 0.033163 0.033079
0 0.511480 0.278626 0.017857 0.022901
0 0.614796 0.232824 0.030612 0.027990
0 0.598214 0.209924 0.022959 0.022901
0 0.471939 0.190840 0.030612 0.025445