0 0.560241 0.844727 0.020080 0.013672
0 0.556225 0.809570 0.016064 0.013672
0 0.421687 0.742188 0.016064 0.015625
0 0.401606 0.735352 0.020080 0.017578
0 0.617470 0.700195 0.014056 0.013672
0 0.423695 0.683594 0.012048 0.015625
0 0.321285 0.674805 0.016064 0.013672
0 0.449799 0.675781 0.028112 0.019531
0 0.658635 0.666016 0.016064 0.011719
0 0.312249 0.640625 0.018072 0.015625
0 0.250000 0.601562 0.042169 0.023438
0 0.269076 0.561523 0.024096 0.025391
0 0.466867 0.421875 0.018072 0.015625
0 0.482932 0.402344 0.018072 0.019531
0 0.671687 0.399414 0.042169 0.021484
0 0.519076 0.388672 0.018072 0.015625
0 0.466867 0.388672 0.018072 0.019531
0 0.498996 0.384766 0.018072 0.015625
0 0.283133 0.385742 0.024096 0.017578
0 0.555221 0.380859 0.034137 0.031250
0 0.677711 0.368164 0.030120 0.025391
0 0.412651 0.364258 0.022088 0.021484
0 0.170683 0.362305 0.020080 0.029297
0 0.615462 0.353516 0.018072 0.015625
0 0.540161 0.348633 0.012048 0.009766
0 0.561245 0.352539 0.022088 0.021484
0 0.460843 0.349609 0.022088 0.015625
0 0.597390 0.362305 0.050201 0.056641
0 0.432731 0.337891 0.022088 0.015625
0 0.566265 0.329102 0.012048 0.013672
0 0.406627 0.335938 0.022088 0.027344
0 0.587349 0.325195 0.014056 0.013672
0 0.486948 0.329102 0.034137 0.021484
0 0.459839 0.317383 0.020080 0.021484
0 0.636546 0.298828 0.020080 0.023438
0 0.454819 0.291992 0.026104 0.017578
0 0.549197 0.292969 0.018072 0.023438
0 0.403614 0.289062 0.020080 0.019531
0 0.526104 0.282227 0.020080 0.017578
0 0.371486 0.277344 0.028112 0.023438
0 0.620482 0.255859 0.020080 0.019531
0 0.528112 0.250000 0.024096 0.019531
0 0.262048 0.220703 0.018072 0.015625
0 0.245984 0.214844 0.010040 0.011719
0 0.393574 0.145508 0.016064 0.013672