0 0.941315 0.924574 0.023474 0.029197
0 0.954225 0.899027 0.030516 0.031630
0 0.915493 0.889294 0.028169 0.026764
0 0.201878 0.857664 0.014085 0.012165
0 0.703052 0.847932 0.021127 0.021898
0 0.292254 0.843066 0.021127 0.017032
0 0.765258 0.832117 0.018779 0.019465
0 0.969484 0.810219 0.018779 0.014599
0 0.825117 0.818735 0.025822 0.041363
0 0.617371 0.805353 0.028169 0.024331
0 0.984742 0.795620 0.016432 0.014599
0 0.665493 0.800487 0.025822 0.024331
0 0.886150 0.793187 0.025822 0.019465
0 0.597418 0.784672 0.021127 0.021898
0 0.840376 0.781022 0.028169 0.024331
0 0.638498 0.772506 0.018779 0.021898
0 0.752347 0.729927 0.021127 0.014599
0 0.292254 0.725061 0.021127 0.019465
0 0.857981 0.710462 0.016432 0.009732
0 0.196009 0.711679 0.016432 0.017032
0 0.826291 0.699513 0.023474 0.017032
0 0.750000 0.697080 0.021127 0.017032
0 0.906103 0.695864 0.023474 0.019465
0 0.971831 0.694647 0.028169 0.026764
0 0.138498 0.695864 0.028169 0.029197
0 0.334507 0.682482 0.011737 0.012165
0 0.361502 0.681265 0.018779 0.014599
0 0.950704 0.665450 0.023474 0.026764
0 0.752347 0.656934 0.021127 0.019465
0 0.430751 0.586375 0.025822 0.024331
0 0.252347 0.519465 0.016432 0.017032
0 0.212441 0.515815 0.016432 0.019465
0 0.740610 0.508516 0.025822 0.019465
0 0.667840 0.495134 0.021127 0.021898
0 0.759390 0.463504 0.030516 0.026764
0 0.522300 0.412409 0.021127 0.017032
0 0.084507 0.407543 0.018779 0.017032
0 0.720657 0.395377 0.023474 0.026764
0 0.377934 0.375912 0.018779 0.017032
0 0.800469 0.375912 0.028169 0.026764
0 0.052817 0.366180 0.016432 0.017032
0 0.057512 0.326034 0.011737 0.014599
0 0.389671 0.313869 0.018779 0.014599
0 0.056338 0.301703 0.014085 0.014599
0 0.219484 0.289538 0.016432 0.019465
0 0.239437 0.282238 0.014085 0.019465
0 0.045775 0.271290 0.025822 0.017032
0 0.642019 0.270073 0.021127 0.024331
0 0.254695 0.265207 0.021127 0.014599
0 0.620892 0.260341 0.016432 0.014599
0 0.902582 0.248175 0.030516 0.038929
0 0.748826 0.215328 0.018779 0.017032
0 0.516432 0.197080 0.018779 0.014599
0 0.595070 0.177616 0.025822 0.019465
0 0.468310 0.173966 0.025822 0.021898
0 0.703052 0.167883 0.016432 0.019465
0 0.484742 0.136253 0.021127 0.019465
0 0.332160 0.110706 0.016432 0.017032
0 0.880282 0.090024 0.023474 0.019465
0 0.686620 0.032847 0.021127 0.017032