0 0.042274 0.939394 0.049563 0.042424
0 0.600583 0.875758 0.052478 0.042424
0 0.826531 0.793939 0.049563 0.036364
0 0.712828 0.778788 0.026239 0.030303
0 0.673469 0.774242 0.023324 0.021212
0 0.833819 0.725758 0.052478 0.075758
0 0.609329 0.686364 0.029155 0.021212
0 0.399417 0.595455 0.058309 0.063636
0 0.591837 0.551515 0.069971 0.048485
0 0.316327 0.546970 0.049563 0.057576
0 0.457726 0.503030 0.052478 0.054545
0 0.523324 0.439394 0.037901 0.036364
0 0.327988 0.392424 0.037901 0.039394
0 0.259475 0.383333 0.034985 0.027273
0 0.182216 0.363636 0.043732 0.036364
0 0.326531 0.336364 0.058309 0.030303
0 0.345481 0.213636 0.078717 0.075758
0 0.352770 0.127273 0.069971 0.072727