0 0.934037 0.741935 0.015831 0.016129
0 0.902375 0.731183 0.042216 0.048387
0 0.143799 0.697581 0.050132 0.045699
0 0.637203 0.587366 0.055409 0.034946
0 0.895778 0.557796 0.023747 0.018817
0 0.594987 0.543011 0.050132 0.043011
0 0.178100 0.493280 0.023747 0.024194
0 0.899736 0.465054 0.026385 0.032258
0 0.724274 0.434140 0.029024 0.029570
0 0.625330 0.434140 0.042216 0.056452
0 0.232190 0.395161 0.047493 0.048387
0 0.821900 0.336022 0.018470 0.026882
0 0.225594 0.172043 0.023747 0.037634
0 0.215040 0.116935 0.050132 0.056452